7 0.26953125 0.1393229171875 0.327392578125 0.1578776046875 0.33837890625 0.158203125 0.342041015625 0.1539713546875 0.346435546875 0.1334635421875 0.356689453125 0.07259114531250001 0.357177734375 0.06673177031250001 0.355712890625 0.05696614531250001 0.3525390625 0.05013020781250001 0.34423828125 0.0458984375 0.286865234375 0.0299479171875 0.279296875 0.0302734375 0.275146484375 0.0361328125 0.260498046875 0.1178385421875 0.26025390625 0.1246744796875 0.261474609375 0.1295572921875 0.265625 0.1360677078125 0.26953125 0.1393229171875
7 0.28125 0.2923177078125 0.283935546875 0.2913411453125 0.286865234375 0.2877604171875 0.305419921875 0.2555338546875 0.3076171875 0.2470703125 0.322509765625 0.2294921875 0.328369140625 0.216796875 0.328369140625 0.212890625 0.323974609375 0.203125 0.31787109375 0.1953125 0.276611328125 0.1529947921875 0.26953125 0.146484375 0.264892578125 0.1448567703125 0.26123046875 0.1461588546875 0.258056640625 0.150390625 0.221435546875 0.2099609375 0.216552734375 0.22037760468749998 0.216552734375 0.22688802031250002 0.2197265625 0.23209635468749998 0.27490234375 0.2900390625 0.28125 0.2923177078125
7 0.27294921875 0.6842447921875 0.27783203125 0.6891276046875 0.2822265625 0.6907552078125 0.2861328125 0.6897786453125 0.296875 0.6774088546875 0.3095703125 0.6588541671875 0.3359375 0.6246744796875 0.340087890625 0.6139322921875 0.3388671875 0.6090494796875 0.29052734375 0.544921875 0.286376953125 0.5423177078125 0.281005859375 0.54296875 0.274658203125 0.5481770828125 0.236328125 0.599609375 0.22802734375 0.6129557296875 0.227294921875 0.6171875 0.22900390625 0.623046875 0.237548828125 0.63671875 0.27294921875 0.6842447921875
10 0.380126953125 0.4319661453125 0.381591796875 0.4358723953125 0.3876953125 0.4436848953125 0.390380859375 0.4446614578125 0.3955078125 0.4436848953125 0.406982421875 0.4371744796875 0.453857421875 0.4085286453125 0.459228515625 0.4007161453125 0.458984375 0.3922526046875 0.455078125 0.37890625 0.432373046875 0.3138020828125 0.4306640625 0.3098958328125 0.427001953125 0.3059895828125 0.421630859375 0.3056640625 0.407470703125 0.3128255203125 0.35986328125 0.3414713546875 0.3564453125 0.3453776046875 0.355712890625 0.3548177078125 0.35693359375 0.3606770828125 0.37841796875 0.4241536453125 0.380126953125 0.4319661453125
10 0.689208984375 0.8798828125 0.7412109375 0.8971354171874999 0.751220703125 0.8997395828125001 0.75537109375 0.8990885421874999 0.759033203125 0.8932291671874999 0.765625 0.8662109375 0.776123046875 0.8069661453125001 0.776123046875 0.7998046875 0.7734375 0.7952473953125 0.76171875 0.7890625 0.70458984375 0.7679036453125 0.6982421875 0.7679036453125 0.69482421875 0.7718098953125 0.692626953125 0.7802734375 0.68212890625 0.8304036453125001 0.677978515625 0.8557942703125001 0.677734375 0.8649088546874999 0.6787109375 0.869140625 0.681884765625 0.8740234375 0.689208984375 0.8798828125
10 0.435791015625 0.703125 0.438720703125 0.708984375 0.448974609375 0.7106119796875 0.491455078125 0.7099609375 0.511474609375 0.7067057296875 0.514892578125 0.7037760421875 0.517578125 0.6966145828125 0.51708984375 0.6608072921875 0.51611328125 0.6526692703125 0.51513671875 0.6057942703125 0.511962890625 0.5979817703125 0.509033203125 0.5966796875 0.501953125 0.5966796875 0.44189453125 0.599609375 0.435546875 0.6022135421875 0.433837890625 0.6103515625 0.433837890625 0.6429036453125 0.435546875 0.6705729171875 0.434814453125 0.6946614578125 0.435791015625 0.703125
11 0.22802734375 0.453125 0.234375 0.4544270828125 0.238525390625 0.4527994796875 0.243896484375 0.4459635421875 0.26904296875 0.3958333328125 0.272705078125 0.3824869796875 0.278076171875 0.373046875 0.27880859375 0.369140625 0.27783203125 0.3655598953125 0.268798828125 0.3557942703125 0.22119140625 0.3134765625 0.21337890625 0.30859375 0.20947265625 0.3102213546875 0.206298828125 0.3141276046875 0.18408203125 0.3548177078125 0.168212890625 0.3873697921875 0.167724609375 0.3951822921875 0.171630859375 0.4020182296875 0.2236328125 0.4501953125 0.22802734375 0.453125
11 0.279541015625 0.4762369796875 0.2822265625 0.4807942703125 0.286376953125 0.482421875 0.295166015625 0.4827473953125 0.34716796875 0.4778645828125 0.359375 0.4755859375 0.362548828125 0.4729817703125 0.364501953125 0.4619140625 0.359619140625 0.3984375 0.357421875 0.3763020828125 0.353759765625 0.3684895828125 0.343994140625 0.3665364578125 0.282470703125 0.373046875 0.27685546875 0.3763020828125 0.273681640625 0.384765625 0.273681640625 0.39453125 0.276611328125 0.4235026046875 0.278564453125 0.470703125 0.279541015625 0.4762369796875
11 0.421875 0.1936848953125 0.426025390625 0.1949869796875 0.431884765625 0.1927083328125 0.48486328125 0.1588541671875 0.49169921875 0.1510416671875 0.492431640625 0.1429036453125 0.490966796875 0.1341145828125 0.4638671875 0.0625 0.46142578125 0.05696614531250001 0.45703125 0.05305989531250001 0.449462890625 0.05501302031250001 0.39892578125 0.08723958281250001 0.392578125 0.091796875 0.38916015625 0.0966796875 0.388671875 0.1002604171875 0.390380859375 0.1097005203125 0.417236328125 0.1852213546875 0.421875 0.1936848953125
12 0.341796875 0.3401692703125 0.345458984375 0.3430989578125 0.35205078125 0.3434244796875 0.35986328125 0.3388671875 0.4111328125 0.3030598953125 0.414306640625 0.2962239578125 0.413818359375 0.2897135421875 0.411376953125 0.2815755203125 0.3837890625 0.212890625 0.38037109375 0.20638020781250002 0.376953125 0.20279947968749998 0.3701171875 0.20345052031250002 0.34814453125 0.21744791718749998 0.3134765625 0.2421875 0.309326171875 0.24674479218749998 0.307861328125 0.2503255203125 0.30810546875 0.2552083328125 0.310302734375 0.2620442703125 0.338623046875 0.3349609375 0.341796875 0.3401692703125
12 0.324462890625 0.5725911453125 0.327880859375 0.587890625 0.331787109375 0.5986328125 0.335205078125 0.6041666671875 0.342041015625 0.6061197921875 0.348876953125 0.603515625 0.371826171875 0.5911458328125 0.391357421875 0.5826822921875 0.408447265625 0.572265625 0.41162109375 0.5677083328125 0.411376953125 0.5611979171875 0.38916015625 0.48046875 0.38671875 0.4742838546875 0.3837890625 0.4716796875 0.3798828125 0.4713541671875 0.36474609375 0.4765625 0.349609375 0.4853515625 0.313720703125 0.5029296875 0.310302734375 0.5052083328125 0.30859375 0.5094401046875 0.31005859375 0.5218098953125 0.3154296875 0.5390625 0.3173828125 0.5501302078125 0.324462890625 0.5725911453125
12 0.6005859375 0.7262369796875 0.606689453125 0.728515625 0.66796875 0.71875 0.675048828125 0.716796875 0.6787109375 0.7132161453125 0.6796875 0.701171875 0.67578125 0.6604817703125 0.672119140625 0.6259765625 0.670166015625 0.61328125 0.668701171875 0.6103515625 0.657470703125 0.607421875 0.600830078125 0.6162109375 0.59228515625 0.6184895828125 0.588623046875 0.6233723953125 0.588623046875 0.6341145828125 0.594970703125 0.7027994796875 0.597900390625 0.7210286453125 0.6005859375 0.7262369796875
5 0.36181640625 0.7301432296875 0.366455078125 0.73046875 0.3798828125 0.7233072921875 0.43212890625 0.6871744796875 0.43359375 0.6848958328125 0.433837890625 0.67578125 0.43115234375 0.6653645828125 0.420166015625 0.6373697921875 0.4072265625 0.5989583328125 0.404296875 0.5921223953125 0.400634765625 0.5885416671875 0.397216796875 0.5882161453125 0.390625 0.5908203125 0.334716796875 0.6285807296875 0.328369140625 0.6363932296875 0.328369140625 0.6435546875 0.3349609375 0.6630859375 0.357666015625 0.7239583328125 0.36181640625 0.7301432296875
14 0.342041015625 0.8531901046874999 0.34521484375 0.8551432296874999 0.349365234375 0.8548177078125001 0.410888671875 0.8317057296874999 0.415771484375 0.8294270828125001 0.4189453125 0.8255208328125001 0.419677734375 0.8177083328125001 0.4150390625 0.7900390625 0.40234375 0.7275390625 0.400634765625 0.7229817703125 0.397705078125 0.7213541671875 0.39404296875 0.7216796875 0.334716796875 0.7428385421875 0.32470703125 0.7483723953125 0.321044921875 0.7542317703125 0.32080078125 0.759765625 0.332763671875 0.8147786453125001 0.338134765625 0.8453776046874999 0.342041015625 0.8531901046874999
2 0.79638671875 0.5960286453125 0.801513671875 0.5970052078125 0.809814453125 0.5953776046875 0.865234375 0.5690104171875 0.8701171875 0.5651041671875 0.872314453125 0.5608723953125 0.872314453125 0.5540364578125 0.869140625 0.5400390625 0.8515625 0.4739583328125 0.845703125 0.46484375 0.841796875 0.4645182296875 0.800048828125 0.4827473953125 0.77734375 0.4934895828125 0.770263671875 0.4996744796875 0.769775390625 0.5087890625 0.790771484375 0.5885416671875 0.79296875 0.5930989578125 0.79638671875 0.5960286453125
3 0.608642578125 0.4615885421875 0.671630859375 0.4436848953125 0.679931640625 0.439453125 0.681884765625 0.4358723953125 0.681640625 0.4274088546875 0.67041015625 0.3551432296875 0.666748046875 0.341796875 0.66455078125 0.3375651046875 0.661376953125 0.3356119796875 0.657470703125 0.3359375 0.598876953125 0.3518880203125 0.59033203125 0.3557942703125 0.588134765625 0.3583984375 0.58642578125 0.3639322921875 0.588134765625 0.3844401046875 0.59814453125 0.4498697921875 0.60205078125 0.4606119796875 0.608642578125 0.4615885421875
19 0.69189453125 0.3619791671875 0.696044921875 0.361328125 0.70263671875 0.357421875 0.739990234375 0.3323567703125 0.759033203125 0.3186848953125 0.762451171875 0.3134765625 0.76171875 0.3033854171875 0.755126953125 0.2861328125 0.733154296875 0.23014322968749998 0.73095703125 0.22623697968749998 0.727294921875 0.22298177031250002 0.7236328125 0.22330729218749998 0.71728515625 0.2265625 0.66943359375 0.2584635421875 0.661376953125 0.2649739578125 0.656982421875 0.2724609375 0.6572265625 0.28125 0.661376953125 0.2926432296875 0.6884765625 0.359375 0.69189453125 0.3619791671875
19 0.786865234375 0.2623697921875 0.793212890625 0.2633463546875 0.82421875 0.2529296875 0.856201171875 0.23795572968749998 0.861572265625 0.23470052031250002 0.865234375 0.23014322968749998 0.8662109375 0.220703125 0.86181640625 0.201171875 0.847412109375 0.1442057296875 0.84521484375 0.1376953125 0.84228515625 0.1344401046875 0.834716796875 0.1344401046875 0.77783203125 0.1569010421875 0.771728515625 0.1611328125 0.765380859375 0.171875 0.76513671875 0.177734375 0.768798828125 0.1959635421875 0.78271484375 0.2529296875 0.786865234375 0.2623697921875
19 0.69384765625 0.6350911453125 0.71728515625 0.6848958328125 0.722412109375 0.6927083328125 0.727294921875 0.6969401046875 0.734375 0.6959635421875 0.74609375 0.6861979171875 0.783203125 0.6526692703125 0.789794921875 0.6455078125 0.792236328125 0.640625 0.792236328125 0.6331380203125 0.77783203125 0.6022135421875 0.755126953125 0.5576171875 0.752685546875 0.5546875 0.74853515625 0.552734375 0.74169921875 0.5546875 0.734619140625 0.5598958328125 0.6904296875 0.5983072921875 0.68359375 0.6057942703125 0.682373046875 0.6090494796875 0.6826171875 0.6126302078125 0.689453125 0.6279296875 0.69384765625 0.6350911453125
20 0.731689453125 0.4759114578125 0.794921875 0.4801432296875 0.803466796875 0.4788411453125 0.807373046875 0.4739583328125 0.80859375 0.4645182296875 0.81005859375 0.3902994796875 0.808837890625 0.3785807296875 0.806884765625 0.3746744796875 0.80078125 0.3723958328125 0.776611328125 0.3697916671875 0.745849609375 0.3675130203125 0.7333984375 0.3681640625 0.728515625 0.3727213546875 0.725341796875 0.3798828125 0.723876953125 0.4091796875 0.72265625 0.4658203125 0.723388671875 0.4700520828125 0.7255859375 0.4736328125 0.731689453125 0.4759114578125
20 0.52001953125 0.8128255203125001 0.573974609375 0.8186848953125001 0.587890625 0.818359375 0.59130859375 0.8121744796874999 0.592529296875 0.8037109375 0.59716796875 0.7252604171875 0.595947265625 0.7135416671875 0.591796875 0.7076822921875 0.58154296875 0.705078125 0.52294921875 0.6985677078125 0.519775390625 0.69921875 0.51513671875 0.7063802078125 0.51416015625 0.7125651046875 0.510986328125 0.7610677078125 0.509033203125 0.8020833328125001 0.510009765625 0.8069661453125001 0.513427734375 0.810546875 0.52001953125 0.8128255203125001
21 0.428466796875 0.8313802078125001 0.4365234375 0.83203125 0.47705078125 0.8294270828125001 0.49853515625 0.8268229171874999 0.50390625 0.8245442703125001 0.505615234375 0.822265625 0.5068359375 0.8177083328125001 0.5068359375 0.8092447921874999 0.50390625 0.7294921875 0.502685546875 0.7213541671875 0.499755859375 0.7154947921875 0.498046875 0.7141927078125 0.489990234375 0.7138671875 0.431396484375 0.7180989578125 0.425048828125 0.7200520828125 0.421875 0.7239583328125 0.4208984375 0.728515625 0.422607421875 0.8004557296874999 0.423828125 0.8248697921874999 0.425537109375 0.8287760421874999 0.428466796875 0.8313802078125001
21 0.42529296875 0.5882161453125 0.42919921875 0.5911458328125 0.4326171875 0.591796875 0.436279296875 0.5901692703125 0.484619140625 0.5615234375 0.49560546875 0.5543619796875 0.498779296875 0.5501302078125 0.49853515625 0.5423177078125 0.4892578125 0.5104166671875 0.482666015625 0.494140625 0.47265625 0.4632161453125 0.467041015625 0.4554036453125 0.46337890625 0.455078125 0.424072265625 0.4768880203125 0.40234375 0.490234375 0.39697265625 0.4970703125 0.396484375 0.5013020828125 0.399658203125 0.5152994796875 0.42138671875 0.5817057296875 0.42529296875 0.5882161453125
8 0.4833984375 0.4947916671875 0.488037109375 0.5026041671875 0.494873046875 0.5029296875 0.5537109375 0.4680989578125 0.558349609375 0.4641927078125 0.560302734375 0.4596354171875 0.559814453125 0.4527994796875 0.540283203125 0.392578125 0.532470703125 0.3697916671875 0.529052734375 0.3658854171875 0.522216796875 0.3665364578125 0.49609375 0.3811848953125 0.460205078125 0.40234375 0.45703125 0.4075520828125 0.456787109375 0.4111328125 0.45849609375 0.41796875 0.4716796875 0.458984375 0.4833984375 0.4947916671875
8 0.199951171875 0.6061197921875 0.203369140625 0.6067708328125 0.21337890625 0.6022135421875 0.25341796875 0.5693359375 0.266845703125 0.5569661453125 0.271240234375 0.546875 0.2685546875 0.5358072921875 0.240234375 0.4739583328125 0.23486328125 0.4658203125 0.229736328125 0.4625651046875 0.223876953125 0.4622395828125 0.2197265625 0.4645182296875 0.1669921875 0.5078125 0.160400390625 0.5166015625 0.1611328125 0.525390625 0.171875 0.5498046875 0.1953125 0.6009114578125 0.199951171875 0.6061197921875
8 0.856201171875 0.3600260421875 0.887451171875 0.3544921875 0.901123046875 0.3505859375 0.90478515625 0.3460286453125 0.9052734375 0.337890625 0.900634765625 0.2858072921875 0.8974609375 0.2584635421875 0.89599609375 0.2516276046875 0.89404296875 0.24869791718749998 0.885498046875 0.24641927031250002 0.828857421875 0.2545572921875 0.819091796875 0.2578125 0.814453125 0.2630208328125 0.8125 0.2688802078125 0.81982421875 0.3525390625 0.821533203125 0.3590494796875 0.824462890625 0.36328125 0.856201171875 0.3600260421875
9 0.654052734375 0.6051432296875 0.667236328125 0.6077473953125 0.671875 0.6064453125 0.67578125 0.595703125 0.6796875 0.5634765625 0.683349609375 0.5439453125 0.686767578125 0.5143229171875 0.685791015625 0.5048828125 0.682373046875 0.5016276046875 0.67822265625 0.5 0.640625 0.490234375 0.6142578125 0.4850260421875 0.60791015625 0.4869791671875 0.604736328125 0.4944661453125 0.593017578125 0.5745442703125 0.593505859375 0.5843098953125 0.595703125 0.587890625 0.598876953125 0.5901692703125 0.654052734375 0.6051432296875
12 0.855712890625 0.4716796875 0.918701171875 0.46875 0.927734375 0.4671223953125 0.931884765625 0.4635416671875 0.933349609375 0.4567057296875 0.933349609375 0.4479166671875 0.9306640625 0.384765625 0.929443359375 0.3697916671875 0.92578125 0.3626302078125 0.91455078125 0.3603515625 0.855712890625 0.36328125 0.846923828125 0.3688151046875 0.843994140625 0.3733723953125 0.843505859375 0.3785807296875 0.84521484375 0.4469401046875 0.846435546875 0.4625651046875 0.852294921875 0.470703125 0.855712890625 0.4716796875