13 0.187744140625 0.5885416671875 0.220947265625 0.5904947921875 0.224609375 0.5888671875 0.227783203125 0.5849609375 0.229248046875 0.52734375 0.2275390625 0.5221354171875 0.22412109375 0.5205078125 0.18212890625 0.5185546875 0.178466796875 0.5234375 0.17724609375 0.5432942703125 0.177001953125 0.5797526046875 0.1787109375 0.5856119796875 0.18212890625 0.587890625 0.187744140625 0.5885416671875
13 0.200927734375 0.5065104171875 0.20654296875 0.5068359375 0.21435546875 0.5022786453125 0.241455078125 0.4817708328125 0.244384765625 0.4772135421875 0.24365234375 0.4700520828125 0.229248046875 0.4248046875 0.223876953125 0.4176432296875 0.216552734375 0.4176432296875 0.209716796875 0.421875 0.1884765625 0.4391276046875 0.18212890625 0.4459635421875 0.181396484375 0.4482421875 0.181396484375 0.4537760421875 0.19482421875 0.498046875 0.196533203125 0.5016276046875 0.200927734375 0.5065104171875
17 0.56494140625 0.4739583328125 0.566162109375 0.486328125 0.571044921875 0.4944661453125 0.57421875 0.49609375 0.576904296875 0.4954427078125 0.624267578125 0.4752604171875 0.62744140625 0.4720052078125 0.6279296875 0.4661458328125 0.624267578125 0.44921875 0.614990234375 0.4147135421875 0.613525390625 0.404296875 0.60986328125 0.3981119796875 0.60546875 0.3971354171875 0.577880859375 0.4085286453125 0.556640625 0.4195963546875 0.55419921875 0.4222005203125 0.553466796875 0.4251302078125 0.55419921875 0.4322916671875 0.560546875 0.4596354171875 0.56494140625 0.4739583328125
18 0.654541015625 0.5380859375 0.704833984375 0.5445963546875 0.712890625 0.5436197921875 0.7158203125 0.5403645828125 0.717041015625 0.5345052078125 0.720458984375 0.466796875 0.718994140625 0.4599609375 0.716796875 0.4583333328125 0.707275390625 0.45703125 0.676513671875 0.4547526046875 0.657958984375 0.4554036453125 0.654296875 0.4602864578125 0.653076171875 0.4768880203125 0.650634765625 0.5286458328125 0.65087890625 0.5328776046875 0.652587890625 0.5367838546875 0.654541015625 0.5380859375
1 0.67431640625 0.4371744796875 0.72607421875 0.4329427078125 0.731201171875 0.4296875 0.732177734375 0.4208984375 0.72998046875 0.353515625 0.72802734375 0.3479817703125 0.719970703125 0.3460286453125 0.703369140625 0.3489583328125 0.670654296875 0.3512369796875 0.6669921875 0.3525390625 0.663818359375 0.3567708328125 0.665283203125 0.42578125 0.665771484375 0.4322916671875 0.668212890625 0.4365234375 0.67431640625 0.4371744796875
0 0.31005859375 0.6005859375 0.313720703125 0.60546875 0.318359375 0.6048177078125 0.331298828125 0.5960286453125 0.356689453125 0.5748697921875 0.3544921875 0.5615234375 0.34814453125 0.5361328125 0.338623046875 0.5123697921875 0.33154296875 0.509765625 0.327880859375 0.5107421875 0.291259765625 0.5423177078125 0.291015625 0.5472005203125 0.293212890625 0.5569661453125 0.303955078125 0.5817057296875 0.31005859375 0.6005859375
0 0.71240234375 0.283203125 0.718994140625 0.2783203125 0.72021484375 0.2737630203125 0.72021484375 0.2649739578125 0.717041015625 0.205078125 0.71630859375 0.1998697921875 0.713623046875 0.1956380203125 0.70751953125 0.1953125 0.664794921875 0.20279947968749998 0.65478515625 0.20572916718749998 0.651611328125 0.2099609375 0.654052734375 0.2763671875 0.6572265625 0.2887369796875 0.661865234375 0.2906901046875 0.71240234375 0.283203125
0 0.765380859375 0.23404947968749998 0.81103515625 0.24348958281250002 0.818603515625 0.24348958281250002 0.822021484375 0.2412109375 0.824462890625 0.23763020781250002 0.8271484375 0.2275390625 0.837646484375 0.162109375 0.83740234375 0.1549479171875 0.83544921875 0.15234375 0.831298828125 0.150390625 0.786376953125 0.1432291671875 0.773193359375 0.1435546875 0.77001953125 0.1477864578125 0.76171875 0.1884765625 0.757080078125 0.22037760468749998 0.757080078125 0.22786458281250002 0.7587890625 0.2314453125 0.765380859375 0.23404947968749998
0 0.608642578125 0.1770833328125 0.610595703125 0.1819661453125 0.614990234375 0.1861979171875 0.619873046875 0.1858723953125 0.6611328125 0.1604817703125 0.66552734375 0.1572265625 0.668701171875 0.150390625 0.66845703125 0.1416015625 0.663330078125 0.1227213546875 0.65185546875 0.08658854218749999 0.647216796875 0.07779947968749999 0.641357421875 0.078125 0.619873046875 0.09114583281250001 0.597900390625 0.1051432296875 0.59375 0.1087239578125 0.591552734375 0.1129557296875 0.591552734375 0.1181640625 0.594970703125 0.1331380203125 0.59912109375 0.1438802078125 0.608642578125 0.1770833328125
0 0.34228515625 0.2578125 0.345703125 0.2522786453125 0.351806640625 0.23372395781250002 0.35986328125 0.22395833281250002 0.364990234375 0.20670572968749998 0.365478515625 0.1953125 0.36328125 0.1891276046875 0.35791015625 0.1852213546875 0.331787109375 0.1708984375 0.32080078125 0.1663411453125 0.318115234375 0.16796875 0.316162109375 0.171875 0.30029296875 0.224609375 0.300048828125 0.23307291718749998 0.30322265625 0.23665364531250002 0.327880859375 0.251953125 0.34228515625 0.2578125
0 0.574462890625 0.6888020828125 0.578125 0.693359375 0.585205078125 0.6923828125 0.613525390625 0.6793619796875 0.63037109375 0.669921875 0.6328125 0.6650390625 0.63232421875 0.6578776046875 0.6162109375 0.6061197921875 0.612548828125 0.595703125 0.609375 0.5921223953125 0.605712890625 0.5921223953125 0.580078125 0.6048177078125 0.55712890625 0.6178385421875 0.555419921875 0.6207682296875 0.55517578125 0.6259765625 0.556640625 0.6321614578125 0.57080078125 0.6783854171875 0.574462890625 0.6888020828125
0 0.685791015625 0.744140625 0.689453125 0.7412109375 0.704833984375 0.6995442703125 0.708740234375 0.6930338546875 0.713623046875 0.6783854171875 0.713623046875 0.6725260421875 0.710693359375 0.6673177078125 0.702392578125 0.6608072921875 0.664794921875 0.6354166671875 0.657470703125 0.6334635421875 0.65087890625 0.6455078125 0.631103515625 0.69921875 0.6318359375 0.7063802078125 0.638916015625 0.7138671875 0.68017578125 0.7425130203125 0.685791015625 0.744140625
0 0.728271484375 0.6549479171875 0.73779296875 0.6588541671875 0.742431640625 0.6555989578125 0.744873046875 0.6510416671875 0.750244140625 0.6321614578125 0.763916015625 0.5934244796875 0.765380859375 0.5843098953125 0.76318359375 0.580078125 0.759521484375 0.5771484375 0.7119140625 0.55078125 0.706298828125 0.5494791671875 0.703125 0.5520833328125 0.701171875 0.5563151046875 0.681640625 0.6175130203125 0.681640625 0.625 0.686279296875 0.6305338546875 0.708740234375 0.642578125 0.728271484375 0.6549479171875
20 0.202392578125 0.732421875 0.20849609375 0.7298177078125 0.2138671875 0.7239583328125 0.2216796875 0.7112630203125 0.221923828125 0.7068684890625 0.225830078125 0.697265625 0.230224609375 0.693359375 0.2353515625 0.6858723953125 0.214111328125 0.6477864578125 0.20703125 0.6396484375 0.20361328125 0.6383463546875 0.197509765625 0.6402994796875 0.19189453125 0.6471354171875 0.187744140625 0.6555989578125 0.181640625 0.6637369796875 0.171875 0.68359375 0.171875 0.6891276046875 0.174560546875 0.6940104171875 0.196533203125 0.7272135421875 0.202392578125 0.732421875
1 0.296142578125 0.7096354171875 0.303466796875 0.7135416671875 0.30712890625 0.7125651046875 0.312255859375 0.70703125 0.318115234375 0.6923828125 0.322509765625 0.6728515625 0.327392578125 0.6578776046875 0.32861328125 0.6471354171875 0.2978515625 0.6184895828125 0.293701171875 0.6168619796875 0.289306640625 0.6171875 0.28564453125 0.6194661453125 0.28271484375 0.6243489578125 0.26513671875 0.6715494796875 0.265625 0.6787109375 0.27880859375 0.693359375 0.288818359375 0.7008463546875 0.296142578125 0.7096354171875
1 0.544921875 0.4847005203125 0.546875 0.4817708328125 0.5478515625 0.4775390625 0.553955078125 0.4130859375 0.552978515625 0.408203125 0.55029296875 0.40625 0.54052734375 0.4039713546875 0.52197265625 0.4029947921875 0.51708984375 0.3997395828125 0.498046875 0.3994140625 0.49560546875 0.4026692703125 0.49365234375 0.4114583328125 0.48876953125 0.46484375 0.4892578125 0.4729817703125 0.49462890625 0.4775390625 0.537841796875 0.4853515625 0.544921875 0.4847005203125
1 0.487060546875 0.384765625 0.490234375 0.3841145828125 0.49462890625 0.3766276046875 0.505859375 0.3414713546875 0.510986328125 0.3209635421875 0.5107421875 0.314453125 0.5068359375 0.3098958328125 0.491455078125 0.2998046875 0.468017578125 0.2861328125 0.461669921875 0.2854817703125 0.459716796875 0.2864583328125 0.45703125 0.2923177078125 0.439208984375 0.3453776046875 0.43896484375 0.353515625 0.442626953125 0.3583984375 0.484130859375 0.3834635421875 0.487060546875 0.384765625
1 0.357666015625 0.5745442703125 0.36181640625 0.578125 0.37548828125 0.5745442703125 0.38134765625 0.5706380203125 0.38916015625 0.5690104171875 0.40771484375 0.5608723953125 0.411865234375 0.5556640625 0.411376953125 0.546875 0.40380859375 0.5120442703125 0.399658203125 0.5032552078125 0.39794921875 0.4912109375 0.39501953125 0.4886067703125 0.384033203125 0.4908854171875 0.3505859375 0.5055338546875 0.346923828125 0.5087890625 0.345947265625 0.5126953125 0.345947265625 0.5221354171875 0.355224609375 0.5611979171875 0.355712890625 0.5670572921875 0.357666015625 0.5745442703125
0 0.359130859375 0.7281901046875 0.36279296875 0.7272135421875 0.366943359375 0.7216796875 0.3701171875 0.7080078125 0.375244140625 0.69921875 0.384521484375 0.6722005203125 0.386474609375 0.6647135421875 0.38623046875 0.6611328125 0.356201171875 0.63671875 0.348876953125 0.6324869796875 0.33837890625 0.6318359375 0.334716796875 0.6357421875 0.330078125 0.6481119796875 0.31884765625 0.693359375 0.318603515625 0.6959635421875 0.32275390625 0.7008463546875 0.34765625 0.7213541671875 0.359130859375 0.7281901046875
1 0.244873046875 0.7610677078125 0.248779296875 0.7620442703125 0.251220703125 0.7607421875 0.282958984375 0.7356770828125 0.287841796875 0.7311197921875 0.2890625 0.7278645828125 0.28759765625 0.7190755203125 0.279541015625 0.6988932296875 0.273193359375 0.6891276046875 0.266845703125 0.6822916671875 0.262451171875 0.6712239578125 0.258544921875 0.6708984375 0.251953125 0.6751302078125 0.24462890625 0.6826171875 0.236328125 0.6888020828125 0.223388671875 0.7027994796875 0.22314453125 0.70703125 0.22509765625 0.7161458328125 0.239990234375 0.7522786453125 0.244873046875 0.7610677078125
13 0.237548828125 0.6852213546875 0.24169921875 0.6832682296875 0.2578125 0.66796875 0.264404296875 0.6647135421875 0.272705078125 0.650390625 0.274658203125 0.6438802078125 0.2744140625 0.6331380203125 0.264404296875 0.6256510421875 0.25146484375 0.5950520828125 0.248046875 0.5914713546875 0.2412109375 0.5940755203125 0.2255859375 0.6116536453125 0.217041015625 0.6194661453125 0.2119140625 0.626953125 0.21142578125 0.6311848953125 0.212890625 0.6376953125 0.23291015625 0.6803385421875 0.237548828125 0.6852213546875
13 0.751708984375 0.7578125 0.7548828125 0.759765625 0.75927734375 0.7584635421875 0.768798828125 0.7490234375 0.800048828125 0.7122395828125 0.802978515625 0.7063802078125 0.802978515625 0.7027994796875 0.801025390625 0.6985677078125 0.76171875 0.6455078125 0.758544921875 0.642578125 0.755126953125 0.642578125 0.749267578125 0.6471354171875 0.711181640625 0.6946614578125 0.7109375 0.6998697921875 0.716796875 0.7106119796875 0.74462890625 0.7490234375 0.751708984375 0.7578125
13 0.841552734375 0.5380859375 0.845458984375 0.5432942703125 0.8525390625 0.54296875 0.900634765625 0.5188802078125 0.907958984375 0.5143229171875 0.91162109375 0.5087890625 0.911376953125 0.5022786453125 0.90185546875 0.4733072921875 0.887939453125 0.4352213546875 0.88427734375 0.4303385421875 0.879638671875 0.4303385421875 0.862548828125 0.4388020828125 0.82568359375 0.4586588546875 0.820556640625 0.4619140625 0.818603515625 0.46484375 0.818115234375 0.4677734375 0.820556640625 0.4781901046875 0.837890625 0.5296223953125 0.841552734375 0.5380859375
7 0.446044921875 0.5341796875 0.451171875 0.52734375 0.460693359375 0.5032552078125 0.469482421875 0.4768880203125 0.47021484375 0.4710286453125 0.4677734375 0.4664713546875 0.449951171875 0.4524739578125 0.428466796875 0.4375 0.42431640625 0.4361979171875 0.421630859375 0.4378255203125 0.41748046875 0.4462890625 0.399169921875 0.4912109375 0.398681640625 0.4983723953125 0.40283203125 0.5065104171875 0.43701171875 0.5335286453125 0.446044921875 0.5341796875
7 0.522216796875 0.400390625 0.525390625 0.4016927078125 0.529541015625 0.4010416671875 0.5537109375 0.3932291671875 0.574951171875 0.3854166671875 0.57861328125 0.3805338546875 0.578369140625 0.3740234375 0.575439453125 0.3603515625 0.5751953125 0.3522135421875 0.568115234375 0.314453125 0.564697265625 0.3069661453125 0.560791015625 0.3056640625 0.555419921875 0.3069661453125 0.538330078125 0.3134765625 0.530029296875 0.318359375 0.51416015625 0.3232421875 0.51123046875 0.326171875 0.50927734375 0.3313802078125 0.50927734375 0.3388671875 0.518310546875 0.3896484375 0.520263671875 0.3974609375 0.522216796875 0.400390625
7 0.43359375 0.3551432296875 0.437255859375 0.3505859375 0.451416015625 0.3072916671875 0.4560546875 0.2897135421875 0.455078125 0.2858072921875 0.451171875 0.2819010421875 0.414794921875 0.2584635421875 0.408447265625 0.2581380203125 0.406494140625 0.2600911453125 0.402587890625 0.2685546875 0.387451171875 0.3134765625 0.38525390625 0.3212890625 0.388671875 0.3284505203125 0.42529296875 0.3528645828125 0.43359375 0.3551432296875
7 0.468994140625 0.2669270828125 0.474853515625 0.2711588546875 0.4775390625 0.271484375 0.492431640625 0.2587890625 0.497802734375 0.2470703125 0.514404296875 0.23502604218749998 0.518798828125 0.23111979218749998 0.520263671875 0.2275390625 0.498291015625 0.1748046875 0.4951171875 0.16796875 0.491455078125 0.1650390625 0.48779296875 0.1653645828125 0.48046875 0.1702473953125 0.463623046875 0.1868489578125 0.45556640625 0.1927083328125 0.445068359375 0.2080078125 0.445556640625 0.21354166718749998 0.449462890625 0.2236328125 0.466552734375 0.2626953125 0.468994140625 0.2669270828125
7 0.541748046875 0.8483072921874999 0.54638671875 0.849609375 0.550537109375 0.8489583328125001 0.587158203125 0.8382161453125001 0.59423828125 0.8349609375 0.597412109375 0.8317057296874999 0.598388671875 0.82421875 0.590576171875 0.7828776046875 0.586181640625 0.7659505203125 0.582763671875 0.7574869796875 0.579833984375 0.75390625 0.574462890625 0.7532552078125 0.536865234375 0.7652994796875 0.52880859375 0.7692057296875 0.5263671875 0.7737630203125 0.5263671875 0.7828776046875 0.535888671875 0.8310546875 0.53857421875 0.8430989578125001 0.541748046875 0.8483072921874999
7 0.486083984375 0.8938802078125001 0.49609375 0.8942057296874999 0.53271484375 0.888671875 0.539794921875 0.8834635421874999 0.541015625 0.8798828125 0.541259765625 0.869140625 0.537841796875 0.845703125 0.53076171875 0.8102213546874999 0.528564453125 0.8053385421874999 0.526123046875 0.8040364578125001 0.522216796875 0.8043619796874999 0.511962890625 0.80859375 0.501220703125 0.8082682296874999 0.487548828125 0.8118489578125001 0.481689453125 0.8138020828125001 0.473388671875 0.8212890625 0.4736328125 0.8333333328125001 0.47998046875 0.8727213546874999 0.483642578125 0.890625 0.486083984375 0.8938802078125001
7 0.772216796875 0.8772786453125001 0.77587890625 0.8779296875 0.782958984375 0.875 0.824951171875 0.8489583328125001 0.828857421875 0.845703125 0.8310546875 0.841796875 0.8310546875 0.8382161453125001 0.828369140625 0.8304036453125001 0.80029296875 0.7685546875 0.796630859375 0.763671875 0.790283203125 0.7639973953125 0.776611328125 0.7718098953125 0.744873046875 0.7932942703125 0.739990234375 0.7985026046875 0.740478515625 0.8069661453125001 0.746826171875 0.8245442703125001 0.7685546875 0.873046875 0.772216796875 0.8772786453125001
18 0.446044921875 0.6282552078125 0.456298828125 0.6282552078125 0.464111328125 0.6318359375 0.477783203125 0.6324869796875 0.48046875 0.6298828125 0.482177734375 0.6233723953125 0.487548828125 0.5602213546875 0.484375 0.5559895828125 0.468994140625 0.5530598953125 0.4609375 0.5494791671875 0.440185546875 0.5462239578125 0.433837890625 0.5475260421875 0.43115234375 0.5511067703125 0.427734375 0.5872395828125 0.427001953125 0.6197916671875 0.428466796875 0.6217447921875 0.44091796875 0.6253255203125 0.446044921875 0.6282552078125
18 0.53271484375 0.7301432296875 0.538330078125 0.73046875 0.54150390625 0.7291666671875 0.54345703125 0.7272135421875 0.546142578125 0.7171223953125 0.550048828125 0.6591796875 0.54931640625 0.65234375 0.546875 0.6497395828125 0.54052734375 0.6477864578125 0.52587890625 0.6481119796875 0.501953125 0.6419270828125 0.494384765625 0.6412760421875 0.492919921875 0.6422526046875 0.49072265625 0.6471354171875 0.48779296875 0.6897786453125 0.486083984375 0.69921875 0.485595703125 0.7132161453125 0.48681640625 0.7164713546875 0.4892578125 0.71875 0.53271484375 0.7301432296875
18 0.546875 0.21549479218749998 0.571533203125 0.212890625 0.588134765625 0.20768229218749998 0.59326171875 0.20377604218749998 0.593994140625 0.1715494796875 0.5927734375 0.1331380203125 0.59033203125 0.1263020828125 0.581298828125 0.1246744796875 0.5380859375 0.1318359375 0.53369140625 0.1354166671875 0.531982421875 0.1429036453125 0.532470703125 0.20442708281250002 0.533935546875 0.2099609375 0.53662109375 0.2138671875 0.546875 0.21549479218749998
18 0.263916015625 0.6240234375 0.269287109375 0.6279296875 0.27294921875 0.6285807296875 0.277099609375 0.626953125 0.281982421875 0.6201171875 0.291748046875 0.61328125 0.30517578125 0.6005859375 0.307373046875 0.5953776046875 0.3037109375 0.5833333328125 0.29248046875 0.5559895828125 0.2900390625 0.5455729171875 0.289794921875 0.5364583328125 0.286376953125 0.5341796875 0.279541015625 0.5358072921875 0.27197265625 0.5423177078125 0.2509765625 0.5618489578125 0.24462890625 0.5709635421875 0.244384765625 0.5748697921875 0.249755859375 0.5914713546875 0.257568359375 0.6097005203125 0.263916015625 0.6240234375
10 0.724853515625 0.1848958328125 0.73046875 0.18359375 0.732177734375 0.1806640625 0.734619140625 0.1708984375 0.748291015625 0.1090494796875 0.7490234375 0.1031901046875 0.748291015625 0.09895833281250001 0.745361328125 0.09635416718749999 0.740478515625 0.0947265625 0.69384765625 0.08365885468749999 0.688232421875 0.083984375 0.6845703125 0.09049479218749999 0.67724609375 0.119140625 0.673095703125 0.1468098953125 0.67041015625 0.1533203125 0.670166015625 0.1647135421875 0.671630859375 0.1689453125 0.675048828125 0.1715494796875 0.724853515625 0.1848958328125
10 0.371826171875 0.23404947968749998 0.376708984375 0.236328125 0.383544921875 0.23600260468749998 0.421630859375 0.22526041718749998 0.42529296875 0.22102864531250002 0.42578125 0.21321614531250002 0.4208984375 0.1806640625 0.42138671875 0.1751302078125 0.418212890625 0.1617838546875 0.4169921875 0.1510416671875 0.4150390625 0.1474609375 0.4072265625 0.1471354171875 0.3701171875 0.1595052078125 0.366455078125 0.1617838546875 0.36474609375 0.1650390625 0.365234375 0.1842447921875 0.366943359375 0.1953125 0.369384765625 0.23014322968749998 0.371826171875 0.23404947968749998
20 0.352294921875 0.8089192703125001 0.356201171875 0.8050130203125001 0.360107421875 0.796875 0.373291015625 0.7526041671875 0.373779296875 0.744140625 0.37158203125 0.7395833328125 0.359130859375 0.7298177078125 0.33447265625 0.7141927078125 0.327880859375 0.7138671875 0.32470703125 0.7161458328125 0.32080078125 0.7233072921875 0.307373046875 0.7734375 0.307861328125 0.7789713546875 0.317138671875 0.7877604171875 0.34521484375 0.8072916671874999 0.352294921875 0.8089192703125001
17 0.258544921875 0.8408203125 0.26416015625 0.8391927078125001 0.279541015625 0.826171875 0.291015625 0.8138020828125001 0.29833984375 0.8079427078125001 0.30078125 0.8040364578125001 0.300048828125 0.796875 0.282958984375 0.7584635421875 0.277587890625 0.7490234375 0.273681640625 0.7457682296875 0.268798828125 0.7477213546875 0.258544921875 0.7555338546875 0.23583984375 0.779296875 0.233642578125 0.783203125 0.233154296875 0.7867838546875 0.234130859375 0.7916666671875 0.254150390625 0.8352864578125001 0.258544921875 0.8408203125
4 0.4287109375 0.8447265625 0.431884765625 0.8427734375 0.4462890625 0.8310546875 0.465087890625 0.8141276046874999 0.47021484375 0.8069661453125001 0.47119140625 0.8037109375 0.47021484375 0.796875 0.447021484375 0.7467447921875 0.442626953125 0.7425130203125 0.439208984375 0.7421875 0.435302734375 0.7438151046875 0.403076171875 0.7731119796875 0.397216796875 0.78125 0.3974609375 0.7900390625 0.421142578125 0.83984375 0.425048828125 0.8444010421874999 0.4287109375 0.8447265625
9 0.382568359375 0.7434895828125 0.391357421875 0.7620442703125 0.3974609375 0.7711588546875 0.40087890625 0.771484375 0.404296875 0.7698567703125 0.41162109375 0.7639973953125 0.434326171875 0.7418619796875 0.43994140625 0.7340494796875 0.44091796875 0.7307942703125 0.41650390625 0.6865234375 0.413818359375 0.6803385421875 0.41259765625 0.6715494796875 0.408203125 0.669921875 0.4013671875 0.6744791671875 0.3798828125 0.6995442703125 0.37353515625 0.705078125 0.37109375 0.7099609375 0.369873046875 0.7161458328125 0.36962890625 0.7203776046875 0.37158203125 0.72265625 0.374267578125 0.73046875 0.382568359375 0.7434895828125
11 0.40478515625 0.669921875 0.4091796875 0.666015625 0.412841796875 0.6578776046875 0.4248046875 0.623046875 0.426025390625 0.6022135421875 0.419189453125 0.5940755203125 0.401123046875 0.58203125 0.390625 0.5729166671875 0.387451171875 0.5716145828125 0.3818359375 0.5719401046875 0.378662109375 0.5738932296875 0.37646484375 0.5777994796875 0.362548828125 0.6194661453125 0.358642578125 0.6334635421875 0.361572265625 0.6402994796875 0.3974609375 0.6676432296875 0.40478515625 0.669921875
15 0.515380859375 0.3203125 0.519287109375 0.3206380203125 0.546875 0.3079427078125 0.56201171875 0.2978515625 0.568115234375 0.291015625 0.56689453125 0.2796223953125 0.554931640625 0.23763020781250002 0.55029296875 0.22298177031250002 0.546875 0.21842447968749998 0.5400390625 0.21940104218749998 0.501953125 0.24479166718749998 0.497802734375 0.2490234375 0.4951171875 0.2548828125 0.494873046875 0.2584635421875 0.507080078125 0.2965494796875 0.51025390625 0.3098958328125 0.515380859375 0.3203125
15 0.459228515625 0.4563802078125 0.4638671875 0.4567057296875 0.467041015625 0.455078125 0.470703125 0.4488932296875 0.48779296875 0.3942057296875 0.48681640625 0.3870442703125 0.444091796875 0.3606770828125 0.439208984375 0.3587239578125 0.4365234375 0.3597005203125 0.43505859375 0.3610026046875 0.431640625 0.3694661453125 0.415771484375 0.4208984375 0.41552734375 0.4254557296875 0.41650390625 0.4280598953125 0.4208984375 0.4329427078125 0.459228515625 0.4563802078125
4 0.77978515625 0.3971354171875 0.79736328125 0.396484375 0.801513671875 0.3938802078125 0.803466796875 0.3854166671875 0.8046875 0.3453776046875 0.8046875 0.3134765625 0.802978515625 0.3092447921875 0.796875 0.3069661453125 0.744384765625 0.3082682296875 0.73779296875 0.3108723953125 0.736083984375 0.3141276046875 0.73486328125 0.3209635421875 0.733154296875 0.3870442703125 0.735595703125 0.39453125 0.739990234375 0.396484375 0.77978515625 0.3971354171875
4 0.896240234375 0.4195963546875 0.90087890625 0.419921875 0.905517578125 0.4163411453125 0.910400390625 0.4075520828125 0.918701171875 0.3860677078125 0.935546875 0.3486328125 0.936279296875 0.3414713546875 0.9345703125 0.3375651046875 0.9296875 0.3336588546875 0.900634765625 0.31640625 0.880615234375 0.3053385421875 0.872802734375 0.3043619796875 0.86572265625 0.3141276046875 0.839599609375 0.376953125 0.8388671875 0.3831380203125 0.841796875 0.3870442703125 0.88720703125 0.4150390625 0.896240234375 0.4195963546875
4 0.6083984375 0.7939453125 0.61181640625 0.794921875 0.6162109375 0.7932942703125 0.631103515625 0.7763671875 0.651123046875 0.7516276046875 0.6552734375 0.7444661453125 0.655029296875 0.740234375 0.65283203125 0.7340494796875 0.6181640625 0.6848958328125 0.613525390625 0.6819661453125 0.608642578125 0.6839192703125 0.583740234375 0.7154947921875 0.5712890625 0.7333984375 0.571044921875 0.7376302078125 0.5771484375 0.7486979171875 0.604736328125 0.7897135421875 0.6083984375 0.7939453125
4 0.491943359375 0.5579427078125 0.51171875 0.5618489578125 0.516845703125 0.5611979171875 0.519775390625 0.5579427078125 0.52099609375 0.5514322921875 0.527099609375 0.4957682296875 0.52685546875 0.486328125 0.52099609375 0.4830729171875 0.49462890625 0.4788411453125 0.486572265625 0.4759114578125 0.471923828125 0.4755859375 0.46875 0.48046875 0.466796875 0.4912109375 0.465576171875 0.513671875 0.462890625 0.53515625 0.46337890625 0.546875 0.46630859375 0.5504557296875 0.484619140625 0.5546875 0.491943359375 0.5579427078125
4 0.355712890625 0.3111979171875 0.376708984375 0.3229166671875 0.380859375 0.3238932296875 0.385009765625 0.3206380203125 0.404541015625 0.2581380203125 0.40087890625 0.2526041671875 0.39208984375 0.24674479218749998 0.36279296875 0.2294921875 0.356201171875 0.2294921875 0.351318359375 0.23763020781250002 0.33837890625 0.28125 0.336181640625 0.2900390625 0.33642578125 0.2965494796875 0.337646484375 0.2981770828125 0.355712890625 0.3111979171875
12 0.27880859375 0.3603515625 0.2861328125 0.359375 0.2939453125 0.3531901046875 0.3193359375 0.3307291671875 0.322265625 0.3245442703125 0.3212890625 0.3170572921875 0.316162109375 0.3063151046875 0.30419921875 0.2727864578125 0.30029296875 0.2669270828125 0.297119140625 0.2649739578125 0.293212890625 0.2646484375 0.287353515625 0.2682291671875 0.258544921875 0.2945963546875 0.255126953125 0.3001302078125 0.25537109375 0.306640625 0.2685546875 0.3434244796875 0.275146484375 0.3577473953125 0.27880859375 0.3603515625
12 0.435791015625 0.7216796875 0.442626953125 0.7327473953125 0.44677734375 0.7320963546875 0.45263671875 0.7275390625 0.48388671875 0.6959635421875 0.486328125 0.689453125 0.485595703125 0.6783854171875 0.477783203125 0.6614583328125 0.46826171875 0.6455078125 0.463623046875 0.6337890625 0.4560546875 0.6295572921875 0.452392578125 0.6292317703125 0.447509765625 0.6321614578125 0.4140625 0.6695963546875 0.413330078125 0.6715494796875 0.4140625 0.6790364578125 0.43408203125 0.7164713546875 0.435791015625 0.7216796875
16 0.48388671875 0.7985026046875 0.50146484375 0.8063151046874999 0.508544921875 0.8069661453125001 0.51513671875 0.8053385421874999 0.517578125 0.8017578125 0.52001953125 0.787109375 0.52685546875 0.7412109375 0.52734375 0.7337239578125 0.526611328125 0.7317708328125 0.519287109375 0.7281901046875 0.49169921875 0.7213541671875 0.487548828125 0.7194010421875 0.48388671875 0.7151692703125 0.478515625 0.7132161453125 0.473876953125 0.7132161453125 0.471435546875 0.7158203125 0.468994140625 0.7220052078125 0.46142578125 0.7770182296875 0.4609375 0.7828776046875 0.462890625 0.7880859375 0.470703125 0.7942708328125 0.48388671875 0.7985026046875
17 0.490234375 0.638671875 0.532958984375 0.6477864578125 0.539306640625 0.6458333328125 0.542236328125 0.6357421875 0.544677734375 0.615234375 0.54638671875 0.5869140625 0.54833984375 0.5771484375 0.543212890625 0.5696614578125 0.536865234375 0.5670572921875 0.49462890625 0.5592447921875 0.489990234375 0.560546875 0.48779296875 0.56640625 0.485107421875 0.6038411453125 0.482421875 0.6263020828125 0.482177734375 0.6298828125 0.483642578125 0.6337890625 0.487548828125 0.6376953125 0.490234375 0.638671875
17 0.5634765625 0.5895182296875 0.571044921875 0.5930989578125 0.575927734375 0.5888671875 0.59912109375 0.5462239578125 0.60546875 0.5315755203125 0.604736328125 0.5286458328125 0.599365234375 0.5218098953125 0.58154296875 0.5048828125 0.562255859375 0.4869791671875 0.556884765625 0.4856770828125 0.550048828125 0.4947916671875 0.528564453125 0.5358072921875 0.525634765625 0.5436197921875 0.52490234375 0.546875 0.526611328125 0.5504557296875 0.539794921875 0.5654296875 0.5634765625 0.5895182296875
9 0.35546875 0.3948567703125 0.35986328125 0.3948567703125 0.364990234375 0.3902994796875 0.37158203125 0.3701171875 0.38134765625 0.3385416671875 0.381103515625 0.3284505203125 0.377197265625 0.3248697921875 0.361083984375 0.3160807296875 0.338623046875 0.30078125 0.3349609375 0.3014322921875 0.33154296875 0.3059895828125 0.3271484375 0.3173828125 0.319580078125 0.3404947921875 0.3173828125 0.353515625 0.314208984375 0.3623046875 0.31396484375 0.3662109375 0.320068359375 0.373046875 0.347900390625 0.3916015625 0.35546875 0.3948567703125
9 0.341796875 0.4886067703125 0.349609375 0.4918619796875 0.353759765625 0.4899088546875 0.356689453125 0.4860026046875 0.37939453125 0.4391276046875 0.3798828125 0.4352213546875 0.379150390625 0.4322916671875 0.373291015625 0.4251302078125 0.34423828125 0.3968098953125 0.341796875 0.3948567703125 0.337646484375 0.3942057296875 0.33349609375 0.3974609375 0.327392578125 0.408203125 0.32275390625 0.4192708328125 0.31396484375 0.435546875 0.30908203125 0.4479166671875 0.308837890625 0.4508463546875 0.310302734375 0.4547526046875 0.328125 0.4752604171875 0.341796875 0.4886067703125
6 0.297119140625 0.451171875 0.30078125 0.4459635421875 0.309326171875 0.40625 0.31298828125 0.3938802078125 0.313232421875 0.3870442703125 0.310791015625 0.3828125 0.304443359375 0.37890625 0.297607421875 0.376953125 0.2744140625 0.365234375 0.267578125 0.36328125 0.263427734375 0.3639322921875 0.260498046875 0.369140625 0.24951171875 0.4189453125 0.248779296875 0.4287109375 0.251220703125 0.431640625 0.28759765625 0.4495442703125 0.297119140625 0.451171875
16 0.431640625 0.1979166671875 0.435546875 0.1985677078125 0.439453125 0.197265625 0.4443359375 0.193359375 0.46337890625 0.1842447921875 0.47802734375 0.1712239578125 0.4814453125 0.1653645828125 0.468994140625 0.1064453125 0.467041015625 0.1022135421875 0.46337890625 0.0986328125 0.446533203125 0.1057942703125 0.4228515625 0.1194661453125 0.414794921875 0.1266276046875 0.414794921875 0.1350911453125 0.42431640625 0.1845703125 0.426513671875 0.1930338546875 0.431640625 0.1979166671875
19 0.59228515625 0.39453125 0.608642578125 0.3961588546875 0.632568359375 0.4016927078125 0.643798828125 0.4010416671875 0.646240234375 0.3942057296875 0.65380859375 0.330078125 0.65283203125 0.3206380203125 0.6474609375 0.3173828125 0.63525390625 0.3154296875 0.598876953125 0.310546875 0.593994140625 0.3125 0.592529296875 0.3141276046875 0.5908203125 0.3203125 0.58447265625 0.373046875 0.58349609375 0.3870442703125 0.58447265625 0.3899739578125 0.587646484375 0.392578125 0.59228515625 0.39453125
9 0.56982421875 0.2932942703125 0.57470703125 0.3014322921875 0.57861328125 0.3020833328125 0.58984375 0.2975260421875 0.6201171875 0.283203125 0.628662109375 0.2776692703125 0.630615234375 0.2750651046875 0.631103515625 0.2705078125 0.630126953125 0.263671875 0.617431640625 0.21028645781250002 0.61669921875 0.20279947968749998 0.613037109375 0.1988932296875 0.608642578125 0.1985677078125 0.605712890625 0.1998697921875 0.5634765625 0.22102864531250002 0.559326171875 0.22395833281250002 0.55712890625 0.228515625 0.557861328125 0.2373046875 0.563720703125 0.2652994796875 0.5673828125 0.27734375 0.56982421875 0.2932942703125
6 0.685791015625 0.86328125 0.691162109375 0.8645833328125001 0.698974609375 0.8629557296874999 0.73779296875 0.8522135421874999 0.74462890625 0.849609375 0.746826171875 0.8470052078125001 0.7470703125 0.8388671875 0.739501953125 0.8079427078125001 0.738037109375 0.796875 0.731201171875 0.7692057296875 0.7275390625 0.7623697921875 0.72021484375 0.7620442703125 0.68212890625 0.7744140625 0.67138671875 0.7789713546875 0.667724609375 0.7845052078125 0.667724609375 0.7936197921875 0.67041015625 0.8063151046874999 0.68212890625 0.85546875 0.685791015625 0.86328125