12 0.2900390625 0.8776041671874999 0.294677734375 0.8714192703125001 0.296142578125 0.8665364578125001 0.298583984375 0.8427734375 0.299072265625 0.8173828125 0.296630859375 0.8154296875 0.288818359375 0.8180338546874999 0.254638671875 0.8072916671874999 0.251708984375 0.8098958328125001 0.250732421875 0.8134765625 0.248046875 0.8483072921874999 0.24755859375 0.86328125 0.250244140625 0.8671875 0.284912109375 0.8782552078125001 0.2900390625 0.8776041671874999
12 0.21630859375 0.7493489578125 0.2412109375 0.7350260421875 0.2548828125 0.724609375 0.256591796875 0.720703125 0.25244140625 0.7063802078125 0.23779296875 0.6686197921875 0.233642578125 0.6682942703125 0.230712890625 0.669921875 0.203125 0.6884765625 0.197998046875 0.6923828125 0.197021484375 0.6949869796875 0.198974609375 0.7099609375 0.20263671875 0.7203776046875 0.212890625 0.7457682296875 0.21630859375 0.7493489578125
18 0.4658203125 0.6315104171875 0.470458984375 0.6383463546875 0.47314453125 0.6393229171875 0.476806640625 0.6383463546875 0.480224609375 0.6350911453125 0.4912109375 0.6302083328125 0.51220703125 0.6175130203125 0.5146484375 0.6149088546875 0.5146484375 0.6097005203125 0.502685546875 0.5638020828125 0.49951171875 0.5556640625 0.497314453125 0.5530598953125 0.494140625 0.5524088546875 0.490966796875 0.5537109375 0.461181640625 0.5699869796875 0.455810546875 0.5732421875 0.4521484375 0.578125 0.45166015625 0.5856119796875 0.457763671875 0.6031901046875 0.459716796875 0.6126302078125 0.4658203125 0.6315104171875
18 0.379638671875 0.6181640625 0.384033203125 0.6155598953125 0.4091796875 0.5748697921875 0.407958984375 0.5647786453125 0.403564453125 0.5563151046875 0.379638671875 0.5305989578125 0.373291015625 0.5283203125 0.369140625 0.5302734375 0.365234375 0.5354817703125 0.354248046875 0.5569661453125 0.3486328125 0.5641276046875 0.345703125 0.5716145828125 0.3447265625 0.5771484375 0.345458984375 0.5810546875 0.376708984375 0.6165364578125 0.379638671875 0.6181640625
18 0.28857421875 0.81640625 0.293212890625 0.81640625 0.29931640625 0.8115234375 0.30517578125 0.7587890625 0.3037109375 0.751953125 0.272216796875 0.7415364578125 0.265380859375 0.7405598953125 0.258056640625 0.7447916671875 0.255126953125 0.7584635421875 0.252685546875 0.7887369796875 0.2529296875 0.8011067703125001 0.2548828125 0.8056640625 0.28857421875 0.81640625
4 0.355712890625 0.8639322921874999 0.36279296875 0.86328125 0.3662109375 0.8587239578125001 0.367919921875 0.8522135421874999 0.369140625 0.8001302078125001 0.363525390625 0.7965494796875 0.34765625 0.794921875 0.33251953125 0.7900390625 0.32470703125 0.7919921875 0.321044921875 0.796875 0.3203125 0.8001302078125001 0.31884765625 0.8284505203125001 0.31884765625 0.8505859375 0.320556640625 0.8557942703125001 0.328125 0.8590494796874999 0.355712890625 0.8639322921874999
4 0.41845703125 0.669921875 0.44287109375 0.6321614578125 0.44775390625 0.6227213546875 0.4482421875 0.6194661453125 0.446044921875 0.6155598953125 0.420166015625 0.5865885421875 0.410888671875 0.580078125 0.40771484375 0.5810546875 0.403564453125 0.5856119796875 0.380615234375 0.6236979171875 0.38134765625 0.6311848953125 0.396484375 0.6516927078125 0.411376953125 0.6689453125 0.41845703125 0.669921875
17 0.341064453125 0.7890625 0.343505859375 0.7919921875 0.348876953125 0.7942708328125 0.353271484375 0.7919921875 0.359619140625 0.7828776046875 0.376708984375 0.763671875 0.38037109375 0.7587890625 0.38330078125 0.751953125 0.38330078125 0.748046875 0.381591796875 0.7447916671875 0.37109375 0.73046875 0.365478515625 0.7216796875 0.36376953125 0.7161458328125 0.35595703125 0.705078125 0.3505859375 0.7060546875 0.341064453125 0.7151692703125 0.3173828125 0.7454427078125 0.31689453125 0.748046875 0.32080078125 0.7571614578125 0.3330078125 0.7737630203125 0.341064453125 0.7890625
17 0.423828125 0.7711588546875 0.427490234375 0.7698567703125 0.444580078125 0.7516276046875 0.456787109375 0.734375 0.45703125 0.7307942703125 0.454833984375 0.724609375 0.45361328125 0.7164713546875 0.43359375 0.6888020828125 0.4287109375 0.6832682296875 0.42529296875 0.681640625 0.421142578125 0.6842447921875 0.403076171875 0.705078125 0.39208984375 0.7210286453125 0.3916015625 0.7242838546875 0.393310546875 0.7291666671875 0.419921875 0.7685546875 0.423828125 0.7711588546875
7 0.48779296875 0.7682291671875 0.490478515625 0.7685546875 0.49462890625 0.7666015625 0.51513671875 0.740234375 0.52294921875 0.7275390625 0.5244140625 0.7213541671875 0.523681640625 0.7171223953125 0.51953125 0.7106119796875 0.494384765625 0.6751302078125 0.4912109375 0.6731770828125 0.486328125 0.6748046875 0.456787109375 0.7164713546875 0.456787109375 0.7242838546875 0.458740234375 0.7294921875 0.48583984375 0.7662760421875 0.48779296875 0.7682291671875
9 0.453125 0.8248697921874999 0.4560546875 0.826171875 0.463623046875 0.8216145828125001 0.48828125 0.8001302078125001 0.491943359375 0.7958984375 0.494384765625 0.7897135421875 0.494140625 0.7861328125 0.48779296875 0.7711588546875 0.467041015625 0.7412109375 0.463623046875 0.7386067703125 0.4560546875 0.7438151046875 0.429443359375 0.7701822921875 0.427978515625 0.7724609375 0.4287109375 0.7799479171875 0.4501953125 0.8203125 0.453125 0.8248697921874999
0 0.38330078125 0.7223307296875 0.387451171875 0.7223307296875 0.3955078125 0.7135416671875 0.404541015625 0.6995442703125 0.411376953125 0.685546875 0.41455078125 0.6751302078125 0.38720703125 0.6396484375 0.380126953125 0.6324869796875 0.36962890625 0.6458333328125 0.351318359375 0.6783854171875 0.35205078125 0.685546875 0.36962890625 0.708984375 0.3798828125 0.7203776046875 0.38330078125 0.7223307296875
0 0.473876953125 0.5611979171875 0.50146484375 0.5481770828125 0.5078125 0.54296875 0.5087890625 0.5393880203125 0.505615234375 0.5227864578125 0.505126953125 0.5084635421875 0.498046875 0.4798177078125 0.493896484375 0.4781901046875 0.486572265625 0.48046875 0.453369140625 0.4934895828125 0.44775390625 0.4993489578125 0.447021484375 0.5016276046875 0.4599609375 0.5533854171875 0.46337890625 0.5618489578125 0.473876953125 0.5611979171875
18 0.4111328125 0.5745442703125 0.414794921875 0.5804036453125 0.418701171875 0.58203125 0.45068359375 0.5696614578125 0.45849609375 0.5654296875 0.460693359375 0.5615234375 0.4482421875 0.5081380203125 0.445068359375 0.5016276046875 0.442138671875 0.5006510421875 0.408203125 0.5139973953125 0.402587890625 0.5169270828125 0.400634765625 0.51953125 0.400390625 0.529296875 0.402587890625 0.5348307296875 0.404052734375 0.5452473953125 0.4111328125 0.5745442703125
7 0.414794921875 0.4957682296875 0.418701171875 0.4964192703125 0.438232421875 0.4866536453125 0.4521484375 0.482421875 0.458984375 0.4781901046875 0.46142578125 0.4742838546875 0.44921875 0.4182942703125 0.446044921875 0.4134114578125 0.442626953125 0.4127604171875 0.4375 0.4140625 0.404296875 0.4290364578125 0.399658203125 0.4348958328125 0.403564453125 0.4609375 0.409912109375 0.4876302078125 0.4111328125 0.4915364578125 0.414794921875 0.4957682296875
7 0.539794921875 0.4964192703125 0.54443359375 0.4928385421875 0.560302734375 0.4749348953125 0.5673828125 0.4645182296875 0.572265625 0.4599609375 0.575927734375 0.453125 0.575439453125 0.4495442703125 0.543212890625 0.40234375 0.5380859375 0.404296875 0.521240234375 0.4228515625 0.508056640625 0.4388020828125 0.50390625 0.4462890625 0.504638671875 0.4521484375 0.525390625 0.4837239578125 0.5361328125 0.4973958328125 0.539794921875 0.4964192703125
7 0.49658203125 0.3727213546875 0.501708984375 0.3736979171875 0.52099609375 0.3675130203125 0.541259765625 0.3600260421875 0.546630859375 0.3557942703125 0.543212890625 0.32421875 0.53857421875 0.3020833328125 0.532958984375 0.2861328125 0.4873046875 0.3020833328125 0.48486328125 0.3059895828125 0.4853515625 0.3180338546875 0.491455078125 0.3512369796875 0.49267578125 0.365234375 0.49658203125 0.3727213546875
7 0.5703125 0.546875 0.58837890625 0.5442708328125 0.603515625 0.5358072921875 0.61279296875 0.533203125 0.616943359375 0.5305989578125 0.61962890625 0.5260416671875 0.613037109375 0.4912109375 0.607666015625 0.466796875 0.605712890625 0.4625651046875 0.602294921875 0.4615885421875 0.564208984375 0.4752604171875 0.556396484375 0.4791666671875 0.5546875 0.482421875 0.5556640625 0.4938151046875 0.56494140625 0.5358072921875 0.56640625 0.5413411453125 0.5703125 0.546875
7 0.716552734375 0.27734375 0.72216796875 0.2737630203125 0.739501953125 0.2568359375 0.75537109375 0.23795572968749998 0.760009765625 0.22819010468749998 0.75830078125 0.22037760468749998 0.73876953125 0.189453125 0.730712890625 0.1774088546875 0.727294921875 0.1744791671875 0.724365234375 0.173828125 0.721435546875 0.1751302078125 0.696533203125 0.203125 0.68359375 0.21875 0.681884765625 0.22233072968749998 0.682861328125 0.2275390625 0.68994140625 0.240234375 0.712158203125 0.2727864578125 0.716552734375 0.27734375
7 0.651123046875 0.2805989578125 0.654052734375 0.2789713546875 0.657470703125 0.2724609375 0.658447265625 0.2610677078125 0.666015625 0.224609375 0.667724609375 0.21158854218749998 0.666748046875 0.20670572968749998 0.664306640625 0.20442708281250002 0.649169921875 0.2001953125 0.6435546875 0.197265625 0.62060546875 0.1920572921875 0.614501953125 0.1927083328125 0.6123046875 0.1966145828125 0.60107421875 0.2584635421875 0.601806640625 0.2646484375 0.607666015625 0.2692057296875 0.647216796875 0.2802734375 0.651123046875 0.2805989578125
7 0.3583984375 0.1513671875 0.360107421875 0.158203125 0.36279296875 0.1624348953125 0.366455078125 0.1634114578125 0.39404296875 0.1546223953125 0.409423828125 0.1474609375 0.409912109375 0.1422526046875 0.403564453125 0.1041666671875 0.4033203125 0.087890625 0.402099609375 0.08170572968749999 0.400146484375 0.078125 0.3974609375 0.076171875 0.386962890625 0.078125 0.35595703125 0.08951822968749999 0.35302734375 0.091796875 0.352294921875 0.0947265625 0.35205078125 0.09895833281250001 0.355712890625 0.123046875 0.3564453125 0.138671875 0.3583984375 0.1513671875
13 0.194580078125 0.3470052078125 0.199951171875 0.3486328125 0.224609375 0.3388671875 0.235107421875 0.3313802078125 0.23486328125 0.3232421875 0.225830078125 0.2822265625 0.225830078125 0.2747395828125 0.226806640625 0.2724609375 0.224609375 0.2688802078125 0.22119140625 0.2672526046875 0.216552734375 0.2679036453125 0.181884765625 0.2838541671875 0.1796875 0.2861328125 0.1796875 0.2919921875 0.188232421875 0.3323567703125 0.192626953125 0.3450520828125 0.194580078125 0.3470052078125
13 0.309814453125 0.5079752609375 0.314453125 0.50830078125 0.328125 0.5040690109375 0.34912109375 0.4962565109375 0.355712890625 0.49169921875 0.355712890625 0.48583984375 0.353271484375 0.47607421875 0.350341796875 0.4542643234375 0.346923828125 0.4405924484375 0.3427734375 0.43115234375 0.336181640625 0.4305013015625 0.30322265625 0.4412434890625 0.30078125 0.44287109375 0.297119140625 0.4490559890625 0.296875 0.45458984375 0.305908203125 0.5011393234375 0.30712890625 0.5056966140625 0.309814453125 0.5079752609375
13 0.654541015625 0.1946614578125 0.658203125 0.1901041671875 0.65966796875 0.1796875 0.660888671875 0.1611328125 0.663818359375 0.140625 0.6640625 0.1256510421875 0.6630859375 0.1197916671875 0.656005859375 0.1158854171875 0.6171875 0.1126302078125 0.61083984375 0.1142578125 0.60693359375 0.1197916671875 0.60400390625 0.1507161453125 0.601806640625 0.1858723953125 0.604248046875 0.1901041671875 0.650146484375 0.1956380203125 0.654541015625 0.1946614578125
13 0.686767578125 0.345703125 0.71630859375 0.3102213546875 0.723876953125 0.3030598953125 0.725830078125 0.2975260421875 0.725341796875 0.2932942703125 0.700927734375 0.2565104171875 0.692626953125 0.24544270781250002 0.689453125 0.24381510468749998 0.685302734375 0.24609375 0.66845703125 0.2649739578125 0.65087890625 0.2858072921875 0.646728515625 0.2926432296875 0.646728515625 0.296875 0.650634765625 0.3033854171875 0.681884765625 0.34765625 0.686767578125 0.345703125
17 0.575439453125 0.814453125 0.577880859375 0.8160807296874999 0.5849609375 0.8160807296874999 0.620361328125 0.8118489578125001 0.62451171875 0.8102213546874999 0.6259765625 0.8046875 0.625732421875 0.7962239578125 0.620361328125 0.7457682296875 0.618408203125 0.740234375 0.608154296875 0.7392578125 0.57763671875 0.7425130203125 0.571044921875 0.7444661453125 0.568603515625 0.748046875 0.56787109375 0.7584635421875 0.569580078125 0.7757161453125 0.573486328125 0.8095703125 0.575439453125 0.814453125
17 0.70703125 0.6243489578125 0.713623046875 0.6233723953125 0.739013671875 0.6067708328125 0.751708984375 0.595703125 0.75439453125 0.5914713546875 0.7548828125 0.5875651046875 0.75390625 0.5836588546875 0.7314453125 0.5361328125 0.727294921875 0.5302734375 0.723388671875 0.5299479171875 0.716796875 0.5338541671875 0.686279296875 0.5569661453125 0.68115234375 0.5621744796875 0.680908203125 0.5677083328125 0.68310546875 0.5748697921875 0.7021484375 0.6165364578125 0.70703125 0.6243489578125
17 0.303466796875 0.3675130203125 0.32568359375 0.3597005203125 0.3349609375 0.3590494796875 0.33837890625 0.3564453125 0.337646484375 0.3450520828125 0.33154296875 0.3134765625 0.331787109375 0.296875 0.327880859375 0.2897135421875 0.323974609375 0.2880859375 0.290283203125 0.2994791671875 0.284423828125 0.302734375 0.2822265625 0.3063151046875 0.281982421875 0.314453125 0.289794921875 0.3606770828125 0.29248046875 0.3684895828125 0.303466796875 0.3675130203125
17 0.36376953125 0.20865885468749998 0.365966796875 0.20670572968749998 0.3623046875 0.1826171875 0.362548828125 0.171875 0.361328125 0.1640625 0.3544921875 0.140625 0.351318359375 0.1396484375 0.3349609375 0.1455078125 0.31298828125 0.154296875 0.309326171875 0.1575520828125 0.309326171875 0.1673177078125 0.317138671875 0.21647135468749998 0.321044921875 0.224609375 0.36376953125 0.20865885468749998
17 0.15087890625 0.3597005203125 0.15771484375 0.3567708328125 0.185302734375 0.3349609375 0.18701171875 0.33203125 0.1865234375 0.326171875 0.17724609375 0.2861328125 0.17431640625 0.2796223953125 0.169921875 0.2750651046875 0.16455078125 0.2737630203125 0.16064453125 0.2757161453125 0.13330078125 0.2985026046875 0.130126953125 0.302734375 0.1298828125 0.3082682296875 0.13134765625 0.3138020828125 0.143798828125 0.3489583328125 0.15087890625 0.3597005203125
17 0.4720458984375 0.158203125 0.4779052734375 0.1585286453125 0.5174560546875 0.1438802078125 0.5211181640625 0.1402994796875 0.5211181640625 0.1302083328125 0.5135498046875 0.08170572968749999 0.5118408203125 0.07421875 0.5091552734375 0.06868489531250001 0.5037841796875 0.06770833281250001 0.4920654296875 0.07291666718749999 0.4669189453125 0.0810546875 0.4622802734375 0.08365885468749999 0.4591064453125 0.08723958281250001 0.4588623046875 0.09309895781250001 0.4664306640625 0.1438802078125 0.4693603515625 0.1546223953125 0.4720458984375 0.158203125
17 0.5400390625 0.1624348953125 0.586181640625 0.1510416671875 0.58837890625 0.1494140625 0.5888671875 0.1334635421875 0.5849609375 0.091796875 0.58349609375 0.08203125 0.58154296875 0.07779947968749999 0.578369140625 0.07649739531250001 0.573486328125 0.07682291718749999 0.540283203125 0.08528645781250001 0.531982421875 0.08854166718749999 0.52880859375 0.09212239531250001 0.52880859375 0.1031901046875 0.533935546875 0.150390625 0.53662109375 0.1608072921875 0.5400390625 0.1624348953125
17 0.227294921875 0.2672526046875 0.231201171875 0.2685546875 0.27001953125 0.2522786453125 0.269775390625 0.2373046875 0.270751953125 0.23404947968749998 0.267333984375 0.2236328125 0.26318359375 0.1962890625 0.261474609375 0.1891276046875 0.25927734375 0.1852213546875 0.251708984375 0.1861979171875 0.220458984375 0.1985677078125 0.216552734375 0.20279947968749998 0.216796875 0.2138671875 0.22314453125 0.24739583281250002 0.2236328125 0.2555338546875 0.227294921875 0.2672526046875
12 0.12328417968750001 0.44959309843749995 0.12630468749999998 0.45472460937500003 0.1357421875 0.4671223953125 0.139892578125 0.4723307296875 0.143798828125 0.4749348953125 0.1474609375 0.4733072921875 0.149658203125 0.4703776046875 0.159423828125 0.451171875 0.164306640625 0.4469401046875 0.1695888671875 0.4464049484375 0.17682031250000002 0.43614094999999997 0.172607421875 0.4254557296875 0.167236328125 0.4205729171875 0.1561755375 0.3981175125 0.15087890625 0.3916015625 0.144775390625 0.388671875 0.140625 0.388671875 0.137451171875 0.3909505203125 0.1142578125 0.4254557296875 0.11376953125 0.4290364578125 0.116943359375 0.4388020828125 0.12194287031249999 0.4475712890625 0.12328417968750001 0.44959309843749995
10 0.17138671875 0.5335286453125 0.176513671875 0.5328776046875 0.18408203125 0.5260416671875 0.19970703125 0.4970703125 0.203125 0.4879557296875 0.2001953125 0.4820963546875 0.192138671875 0.478515625 0.18896484375 0.47265625 0.185546875 0.4619140625 0.176025390625 0.4508463546875 0.168701171875 0.4462890625 0.164794921875 0.447265625 0.159423828125 0.4524739578125 0.14208984375 0.4876302078125 0.140869140625 0.4931640625 0.143798828125 0.4996744796875 0.16455078125 0.5263671875 0.17138671875 0.5335286453125
10 0.5205078125 0.576171875 0.52587890625 0.5771484375 0.56005859375 0.5647786453125 0.56396484375 0.5628255203125 0.568115234375 0.55859375 0.568115234375 0.5491536453125 0.55615234375 0.4986979171875 0.5537109375 0.4944661453125 0.547607421875 0.4947916671875 0.51220703125 0.5084635421875 0.5078125 0.5107421875 0.506103515625 0.5133463546875 0.505615234375 0.5162760421875 0.508544921875 0.5328776046875 0.517578125 0.5706380203125 0.5205078125 0.576171875
10 0.6474609375 0.4130859375 0.65087890625 0.4195963546875 0.660888671875 0.4296875 0.664794921875 0.4280598953125 0.671875 0.421875 0.6875 0.4026692703125 0.69775390625 0.3942057296875 0.700439453125 0.390625 0.7021484375 0.3841145828125 0.701904296875 0.3802083328125 0.7001953125 0.3766276046875 0.683349609375 0.3512369796875 0.671142578125 0.3343098953125 0.6650390625 0.3304036453125 0.658447265625 0.3359375 0.635986328125 0.3616536453125 0.633056640625 0.3671875 0.625244140625 0.3763020828125 0.626220703125 0.3834635421875 0.6474609375 0.4130859375
19 0.727294921875 0.4384765625 0.73095703125 0.4443359375 0.734130859375 0.4456380203125 0.744873046875 0.4388020828125 0.768798828125 0.419921875 0.7763671875 0.4130859375 0.7802734375 0.4065755203125 0.779541015625 0.4007161453125 0.759765625 0.359375 0.755859375 0.3518880203125 0.750732421875 0.3466796875 0.74755859375 0.3463541671875 0.744873046875 0.3479817703125 0.703125 0.3854166671875 0.702880859375 0.3902994796875 0.70458984375 0.3942057296875 0.71484375 0.4117838546875 0.727294921875 0.4384765625
19 0.494873046875 0.2705078125 0.529541015625 0.2613932296875 0.5390625 0.2532552078125 0.53955078125 0.2509765625 0.533935546875 0.1923828125 0.533203125 0.1891276046875 0.530029296875 0.1858723953125 0.5263671875 0.1842447921875 0.52294921875 0.1845703125 0.484375 0.1953125 0.47998046875 0.1979166671875 0.47900390625 0.20084635468749998 0.47998046875 0.22037760468749998 0.485595703125 0.26171875 0.48779296875 0.26953125 0.494873046875 0.2705078125
19 0.387939453125 0.3193359375 0.394287109375 0.3209635421875 0.404541015625 0.318359375 0.4296875 0.3098958328125 0.4375 0.3037109375 0.427490234375 0.24479166718749998 0.425048828125 0.2392578125 0.417724609375 0.23828125 0.387939453125 0.24869791718749998 0.38330078125 0.2490234375 0.379638671875 0.2506510421875 0.37744140625 0.2542317703125 0.37744140625 0.2626953125 0.383544921875 0.3053385421875 0.385498046875 0.3147786453125 0.387939453125 0.3193359375
4 0.326904296875 0.2861328125 0.326416015625 0.2757161453125 0.324462890625 0.26953125 0.31982421875 0.22688802031250002 0.317626953125 0.22200520781250002 0.31201171875 0.22005208281250002 0.30322265625 0.22265625 0.2744140625 0.23404947968749998 0.271728515625 0.23795572968749998 0.27197265625 0.2532552078125 0.278564453125 0.29296875 0.282958984375 0.3020833328125 0.326904296875 0.2861328125
4 0.348876953125 0.439453125 0.35302734375 0.4401041671875 0.393798828125 0.4274088546875 0.396484375 0.4251302078125 0.397216796875 0.4215494796875 0.39501953125 0.4163411453125 0.388916015625 0.387478190625 0.38671875 0.3694661453125 0.383544921875 0.3587239578125 0.3798828125 0.357421875 0.373779296875 0.3606770828125 0.341796875 0.37109375 0.338134765625 0.375 0.337890625 0.3844401046875 0.342041015625 0.404296875 0.345458984375 0.4322916671875 0.348876953125 0.439453125
4 0.6328125 0.7102864578125 0.637939453125 0.7099609375 0.671875 0.6962890625 0.6787109375 0.6923828125 0.68115234375 0.6884765625 0.68212890625 0.685546875 0.68115234375 0.6803385421875 0.666015625 0.6263020828125 0.66357421875 0.6227213546875 0.657470703125 0.6227213546875 0.6201171875 0.6389973953125 0.614501953125 0.64453125 0.615234375 0.654296875 0.62646484375 0.6959635421875 0.6298828125 0.7067057296875 0.6328125 0.7102864578125
4 0.54931640625 0.3291015625 0.56005859375 0.326171875 0.589111328125 0.3118489578125 0.59521484375 0.3069661453125 0.597900390625 0.3020833328125 0.59814453125 0.2965494796875 0.58544921875 0.24641927031250002 0.5810546875 0.23665364531250002 0.574462890625 0.23665364531250002 0.546630859375 0.2513020828125 0.536376953125 0.2574869796875 0.531494140625 0.2630208328125 0.533447265625 0.2786458328125 0.54296875 0.3177083328125 0.54541015625 0.3248697921875 0.54931640625 0.3291015625
4 0.49462890625 0.4602864578125 0.497802734375 0.4596354171875 0.5009765625 0.4563802078125 0.50341796875 0.4443359375 0.508544921875 0.435546875 0.51708984375 0.404296875 0.517578125 0.3974609375 0.512939453125 0.3929036453125 0.47705078125 0.3723958328125 0.469482421875 0.3727213546875 0.466064453125 0.3798828125 0.45166015625 0.4293619796875 0.4521484375 0.435546875 0.45654296875 0.4397786453125 0.4912109375 0.458984375 0.49462890625 0.4602864578125
4 0.175048828125 0.4231770828125 0.1787109375 0.4222005203125 0.180419921875 0.4156901046875 0.18310546875 0.4147135421875 0.19482421875 0.4033203125 0.210693359375 0.3938802078125 0.20751953125 0.3863932296875 0.20654296875 0.3759765625 0.19970703125 0.3538411453125 0.193359375 0.3463541671875 0.189208984375 0.3375651046875 0.18701171875 0.3359375 0.185302734375 0.3356119796875 0.17529296875 0.3424479171875 0.15234375 0.3623046875 0.150146484375 0.3658854171875 0.150390625 0.373046875 0.166748046875 0.4173177078125 0.16845703125 0.4195963546875 0.175048828125 0.4231770828125
6 0.19580078125 0.4801432296875 0.199462890625 0.4807942703125 0.205810546875 0.4775390625 0.22607421875 0.4635416671875 0.2353515625 0.4563802078125 0.238525390625 0.4524739578125 0.239013671875 0.4485677078125 0.23779296875 0.4427083328125 0.232177734375 0.4296875 0.2265625 0.4114583328125 0.21337890625 0.3948567703125 0.2099609375 0.3935546875 0.178466796875 0.4182942703125 0.17529296875 0.4251302078125 0.177490234375 0.4368489578125 0.190673828125 0.4736328125 0.19580078125 0.4801432296875
16 0.237548828125 0.4212239578125 0.24169921875 0.4225260421875 0.248046875 0.4192708328125 0.251953125 0.4130859375 0.27001953125 0.3805338546875 0.27099609375 0.3727213546875 0.245849609375 0.341796875 0.2333984375 0.3346354171875 0.23046875 0.3362630203125 0.2255859375 0.3421223953125 0.209228515625 0.3717447921875 0.207275390625 0.3772786453125 0.207275390625 0.3824869796875 0.20947265625 0.3876953125 0.23095703125 0.416015625 0.237548828125 0.4212239578125
0 0.34228515625 0.3642578125 0.349365234375 0.3645833328125 0.3642578125 0.3606770828125 0.38330078125 0.3525390625 0.392333984375 0.3453776046875 0.38818359375 0.3232421875 0.38427734375 0.3138020828125 0.380126953125 0.28515625 0.378173828125 0.2809244796875 0.373046875 0.2802734375 0.34423828125 0.2916666671875 0.33447265625 0.2942708328125 0.33251953125 0.2962239578125 0.33203125 0.2991536453125 0.33251953125 0.3147786453125 0.339111328125 0.3479817703125 0.34033203125 0.3597005203125 0.34228515625 0.3642578125
0 0.4287109375 0.23274739531250002 0.47607421875 0.2158203125 0.47705078125 0.20247395781250002 0.472900390625 0.1842447921875 0.470458984375 0.1614583328125 0.46435546875 0.1458333328125 0.459716796875 0.1455078125 0.421630859375 0.1598307296875 0.417236328125 0.162109375 0.415771484375 0.1656901046875 0.415771484375 0.1722005203125 0.42333984375 0.2275390625 0.427001953125 0.2314453125 0.4287109375 0.23274739531250002
0 0.272216796875 0.23372395781250002 0.30615234375 0.220703125 0.315185546875 0.21940104218749998 0.31591796875 0.2109375 0.3095703125 0.1783854171875 0.308349609375 0.1546223953125 0.306396484375 0.1520182296875 0.301025390625 0.1500651046875 0.2978515625 0.150390625 0.265625 0.1637369796875 0.26123046875 0.1676432296875 0.260986328125 0.1767578125 0.26513671875 0.208984375 0.26806640625 0.2255859375 0.272216796875 0.23372395781250002
0 0.374267578125 0.24088541718749998 0.376220703125 0.2431640625 0.380859375 0.244140625 0.390625 0.24153645781250002 0.423095703125 0.22721354218749998 0.4140625 0.1614583328125 0.4111328125 0.1578776046875 0.40771484375 0.1555989578125 0.3701171875 0.1702473953125 0.3642578125 0.1744791671875 0.363525390625 0.1767578125 0.36328125 0.1829427078125 0.36962890625 0.22200520781250002 0.37255859375 0.23567708281250002 0.374267578125 0.24088541718749998
0 0.58837890625 0.6272786453125 0.591796875 0.6266276046875 0.61669921875 0.6103515625 0.62744140625 0.6025390625 0.633056640625 0.5953776046875 0.63037109375 0.5849609375 0.61328125 0.5439453125 0.609375 0.537109375 0.605712890625 0.5364583328125 0.601806640625 0.5380859375 0.56201171875 0.5670572921875 0.56201171875 0.5716145828125 0.566650390625 0.5856119796875 0.583740234375 0.6233723953125 0.58837890625 0.6272786453125
0 0.446044921875 0.3785807296875 0.46044921875 0.3753255203125 0.4912109375 0.3636067703125 0.491455078125 0.3564453125 0.485595703125 0.3274739578125 0.4833984375 0.3011067703125 0.48095703125 0.294921875 0.473876953125 0.2945963546875 0.439697265625 0.3056640625 0.432373046875 0.310546875 0.43115234375 0.3131510421875 0.439208984375 0.3662109375 0.44091796875 0.3733723953125 0.44384765625 0.3772786453125 0.446044921875 0.3785807296875
9 0.3466796875 0.2900390625 0.375244140625 0.279296875 0.376953125 0.27734375 0.377685546875 0.271484375 0.37548828125 0.259765625 0.375244140625 0.24772135468749998 0.371337890625 0.23502604218749998 0.3681640625 0.21354166718749998 0.3662109375 0.21028645781250002 0.35791015625 0.21126302031250002 0.32763671875 0.22330729218749998 0.322509765625 0.22591145781250002 0.31982421875 0.22981770781250002 0.32861328125 0.2854817703125 0.331787109375 0.2923177078125 0.335205078125 0.2932942703125 0.3466796875 0.2900390625
9 0.3974609375 0.4182942703125 0.40185546875 0.4186197921875 0.4208984375 0.4130859375 0.43603515625 0.4085286453125 0.4443359375 0.404296875 0.4453125 0.4000651046875 0.443603515625 0.3876953125 0.438720703125 0.369140625 0.434326171875 0.341796875 0.43212890625 0.3375651046875 0.427978515625 0.3372395828125 0.393798828125 0.3473307296875 0.386474609375 0.3531901046875 0.385986328125 0.3587239578125 0.392822265625 0.4052734375 0.395263671875 0.4147135421875 0.3974609375 0.4182942703125
11 0.2392578125 0.3356119796875 0.244873046875 0.3385416671875 0.2802734375 0.3209635421875 0.28076171875 0.3173828125 0.279541015625 0.3128255203125 0.281494140625 0.3014322921875 0.27685546875 0.2874348953125 0.2724609375 0.2591145828125 0.2705078125 0.2555338546875 0.26513671875 0.2552083328125 0.2412109375 0.2646484375 0.2294921875 0.2701822921875 0.2265625 0.2750651046875 0.226806640625 0.283203125 0.2333984375 0.3108723953125 0.236328125 0.3310546875 0.2392578125 0.3356119796875
12 0.577880859375 0.4505208328125 0.58154296875 0.4505208328125 0.5888671875 0.443359375 0.597900390625 0.4303385421875 0.616943359375 0.4078776046875 0.61865234375 0.4033203125 0.617431640625 0.3971354171875 0.610595703125 0.38671875 0.592041015625 0.3590494796875 0.5888671875 0.3551432296875 0.5849609375 0.3528645828125 0.581298828125 0.3528645828125 0.574951171875 0.3590494796875 0.55517578125 0.3841145828125 0.545654296875 0.3997395828125 0.546630859375 0.404296875 0.5498046875 0.4098307296875 0.563232421875 0.4306640625 0.577880859375 0.4505208328125
12 0.3662109375 0.5179036453125 0.371826171875 0.5188802078125 0.406982421875 0.5052083328125 0.41357421875 0.4983723953125 0.40234375 0.4580078125 0.400634765625 0.4482421875 0.396484375 0.4378255203125 0.393798828125 0.4371744796875 0.380126953125 0.4443359375 0.35693359375 0.4524739578125 0.35400390625 0.4544270828125 0.352294921875 0.4583333328125 0.3525390625 0.4638671875 0.362060546875 0.5061848953125 0.364501953125 0.5152994796875 0.3662109375 0.5179036453125
1 0.227783203125 0.5973307296875 0.231201171875 0.5960286453125 0.239501953125 0.5882161453125 0.258544921875 0.5556640625 0.259521484375 0.5494791671875 0.256103515625 0.5432942703125 0.230712890625 0.5104166671875 0.227294921875 0.5094401046875 0.222412109375 0.5107421875 0.219482421875 0.513671875 0.19921875 0.544921875 0.19677734375 0.5533854171875 0.196533203125 0.5576171875 0.19775390625 0.560546875 0.2236328125 0.5953776046875 0.227783203125 0.5973307296875
18 0.298583984375 0.4368489578125 0.304931640625 0.4381510421875 0.314453125 0.4361979171875 0.330810546875 0.4303385421875 0.341796875 0.4280598953125 0.34326171875 0.4264322921875 0.343505859375 0.4208984375 0.338134765625 0.3955078125 0.33642578125 0.3805338546875 0.3369140625 0.3662109375 0.335693359375 0.3623046875 0.332275390625 0.3603515625 0.32470703125 0.3610026046875 0.29736328125 0.3694661453125 0.29052734375 0.373046875 0.28857421875 0.3763020828125 0.28955078125 0.3916015625 0.29443359375 0.4215494796875 0.296630859375 0.4329427078125 0.298583984375 0.4368489578125
18 0.31005859375 0.1526692703125 0.313720703125 0.1520182296875 0.315185546875 0.1507161453125 0.317626953125 0.1416015625 0.326171875 0.0947265625 0.326416015625 0.087890625 0.325439453125 0.0849609375 0.3212890625 0.08072916718749999 0.31396484375 0.07747395781250001 0.284423828125 0.06770833281250001 0.278564453125 0.0673828125 0.275146484375 0.07096354218749999 0.26708984375 0.1090494796875 0.265380859375 0.1272786453125 0.266357421875 0.1341145828125 0.2724609375 0.1380208328125 0.31005859375 0.1526692703125
18 0.7685546875 0.3541666671875 0.772705078125 0.3538411453125 0.776611328125 0.3489583328125 0.786865234375 0.3245442703125 0.795654296875 0.2903645828125 0.795654296875 0.2835286453125 0.790283203125 0.2783203125 0.7548828125 0.2613932296875 0.744873046875 0.2584635421875 0.742919921875 0.2591145828125 0.740478515625 0.2610677078125 0.737548828125 0.2685546875 0.721435546875 0.3206380203125 0.721923828125 0.3277994796875 0.724853515625 0.3307291671875 0.764404296875 0.3522135421875 0.7685546875 0.3541666671875
18 0.619873046875 0.3756510421875 0.625244140625 0.3743489578125 0.650634765625 0.3447265625 0.660888671875 0.3313802078125 0.662109375 0.328125 0.66162109375 0.3245442703125 0.656494140625 0.3141276046875 0.634033203125 0.2835286453125 0.631103515625 0.2779947921875 0.626953125 0.2757161453125 0.621826171875 0.27734375 0.599609375 0.3030598953125 0.5869140625 0.3212890625 0.586669921875 0.3251953125 0.591796875 0.3362630203125 0.614990234375 0.3723958328125 0.619873046875 0.3756510421875
20 0.546142578125 0.23763020781250002 0.549560546875 0.23893229218749998 0.557373046875 0.23893229218749998 0.591796875 0.2294921875 0.595458984375 0.22819010468749998 0.59765625 0.2255859375 0.598876953125 0.21907552031250002 0.59521484375 0.1744791671875 0.59375 0.162109375 0.591552734375 0.1539713546875 0.588623046875 0.1516927078125 0.58447265625 0.1520182296875 0.550537109375 0.16015625 0.539306640625 0.1643880203125 0.539306640625 0.1829427078125 0.54248046875 0.22786458281250002 0.543701171875 0.23404947968749998 0.546142578125 0.23763020781250002
20 0.446044921875 0.3033854171875 0.45166015625 0.30078125 0.484130859375 0.2919921875 0.488525390625 0.2890625 0.489501953125 0.2864583328125 0.489501953125 0.275390625 0.484619140625 0.2613932296875 0.4794921875 0.22330729218749998 0.477294921875 0.21875 0.466796875 0.22005208281250002 0.435791015625 0.23111979218749998 0.430419921875 0.234375 0.42919921875 0.240234375 0.430419921875 0.2594401046875 0.4365234375 0.2972005203125 0.439208984375 0.3033854171875 0.446044921875 0.3033854171875
19 0.414794921875 0.1595052078125 0.419921875 0.16015625 0.4638671875 0.1435546875 0.464599609375 0.1393229171875 0.45751953125 0.08561197968749999 0.453125 0.07552083281250001 0.446044921875 0.07454427031250001 0.42578125 0.08170572968749999 0.40673828125 0.08951822968749999 0.404052734375 0.09342447968749999 0.40380859375 0.0986328125 0.41064453125 0.1399739578125 0.410888671875 0.1481119796875 0.414794921875 0.1595052078125
12 0.531005859375 0.6484375 0.563720703125 0.6370442703125 0.5712890625 0.6337890625 0.57373046875 0.6302083328125 0.573974609375 0.6243489578125 0.570068359375 0.6025390625 0.563232421875 0.5777994796875 0.558837890625 0.5680338546875 0.550537109375 0.568359375 0.5185546875 0.580078125 0.514216553125 0.581328125 0.510232665625 0.5852099609375 0.51220703125 0.5953776046875 0.522216796875 0.6393229171875 0.52587890625 0.6481119796875 0.531005859375 0.6484375
18 0.456787109375 0.7125651046875 0.463134765625 0.7063802078125 0.487548828125 0.6715494796875 0.490478515625 0.6611328125 0.48828125 0.6565755203125 0.4833984375 0.6533203125 0.47509765625 0.6429036453125 0.46923828125 0.6393229171875 0.460693359375 0.6259765625 0.456298828125 0.6217447921875 0.452392578125 0.6207682296875 0.44970703125 0.6214192703125 0.4482421875 0.6233723953125 0.440185546875 0.6383463546875 0.43212890625 0.6487630203125 0.42822265625 0.6569010421875 0.4248046875 0.6608072921875 0.421630859375 0.6669921875 0.422119140625 0.6715494796875 0.4423828125 0.6969401046875 0.449462890625 0.7076822921875 0.456787109375 0.7125651046875
9 0.7783203125 0.7649739578125 0.78271484375 0.7652994796875 0.785400390625 0.76171875 0.7890625 0.751953125 0.799560546875 0.70703125 0.7998046875 0.69921875 0.79736328125 0.6956380203125 0.78955078125 0.6917317703125 0.75537109375 0.677734375 0.748046875 0.6764322921875 0.744384765625 0.6822916671875 0.732177734375 0.734375 0.7314453125 0.7415364578125 0.734130859375 0.7467447921875 0.760498046875 0.7587890625 0.7783203125 0.7649739578125