5 0.4807942703125 0.22314453125 0.4912109375 0.224365234375 0.5055338546875 0.22265625 0.5361328125 0.222900390625 0.5533854171875 0.220947265625 0.560546875 0.217041015625 0.5621744796875 0.210693359375 0.5608723953125 0.195068359375 0.5537109375 0.168212890625 0.5498046875 0.16259765625 0.546875 0.1611328125 0.5403645828125 0.160400390625 0.5270182296875 0.16015625 0.5192057296875 0.16015625 0.51171875 0.162353515625 0.4912109375 0.162109375 0.4749348953125 0.164306640625 0.4703776046875 0.168701171875 0.4713541671875 0.18896484375 0.4749348953125 0.214111328125 0.4762369796875 0.21875 0.4807942703125 0.22314453125
3 0.4111328125 0.232421875 0.45703125 0.23095703125 0.4671223953125 0.22998046875 0.4703776046875 0.228271484375 0.4729817703125 0.220703125 0.4729817703125 0.215576171875 0.46875 0.175048828125 0.4661458328125 0.171630859375 0.4609375 0.169677734375 0.4501953125 0.1689453125 0.404296875 0.169677734375 0.388671875 0.1708984375 0.3834635421875 0.175048828125 0.3841145828125 0.214111328125 0.38671875 0.22705078125 0.3902994796875 0.2314453125 0.4111328125 0.232421875
2 0.5836588546875 0.236328125 0.5891927078125 0.23681640625 0.6028645828125 0.235595703125 0.6162109375 0.23291015625 0.626953125 0.232666015625 0.6520182296875 0.228759765625 0.6585286453125 0.227294921875 0.6630859375 0.223876953125 0.6627604171875 0.212890625 0.6588541671875 0.202880859375 0.6442057296875 0.175048828125 0.6402994796875 0.171142578125 0.6370442703125 0.169921875 0.6227213546875 0.170166015625 0.5797526046875 0.175048828125 0.5647786453125 0.17822265625 0.5611979171875 0.181884765625 0.5611979171875 0.187744140625 0.5729166671875 0.219970703125 0.580078125 0.234130859375 0.5836588546875 0.236328125
10 0.5052083328125 0.29052734375 0.5084635421875 0.296875 0.5133463546875 0.301025390625 0.5159505203125 0.301513671875 0.5224609375 0.30029296875 0.5716145828125 0.28759765625 0.583984375 0.28369140625 0.58984375 0.279541015625 0.58984375 0.27197265625 0.5865885421875 0.264892578125 0.5611979171875 0.230224609375 0.5537109375 0.224609375 0.5397135421875 0.224365234375 0.5328776046875 0.22607421875 0.5211588546875 0.23193359375 0.5110677078125 0.234130859375 0.5068359375 0.23388671875 0.4892578125 0.239013671875 0.4807942703125 0.24267578125 0.4781901046875 0.245361328125 0.4794921875 0.25439453125 0.4918619796875 0.27099609375 0.498046875 0.281982421875 0.5052083328125 0.29052734375
10 0.6477864578125 0.37841796875 0.6510416671875 0.377197265625 0.6546223953125 0.37353515625 0.6578776046875 0.36474609375 0.6669921875 0.334228515625 0.6695963546875 0.322021484375 0.6689453125 0.317626953125 0.6640625 0.31396484375 0.6194661453125 0.3046875 0.609375 0.30419921875 0.5927734375 0.301513671875 0.5865885421875 0.3017578125 0.5836588546875 0.30322265625 0.5810546875 0.306884765625 0.5641276046875 0.355224609375 0.5641276046875 0.36279296875 0.5706380203125 0.3662109375 0.6341145828125 0.378173828125 0.6477864578125 0.37841796875
10 0.7203776046875 0.494140625 0.7268880203125 0.49462890625 0.7408854171875 0.486572265625 0.7805989578125 0.45654296875 0.787109375 0.450439453125 0.7890625 0.446044921875 0.787109375 0.442138671875 0.7838541671875 0.439453125 0.7584635421875 0.42138671875 0.7311197921875 0.404052734375 0.7233072921875 0.4013671875 0.7145182296875 0.404296875 0.6930338546875 0.41943359375 0.6682942703125 0.4345703125 0.6591796875 0.442626953125 0.6569010421875 0.4462890625 0.6578776046875 0.451904296875 0.6995442703125 0.48095703125 0.7158203125 0.4921875 0.7203776046875 0.494140625
8 0.8046875 0.26171875 0.8108723953125001 0.260986328125 0.8541666671874999 0.248046875 0.8678385421874999 0.241943359375 0.873046875 0.23779296875 0.8746744796874999 0.234375 0.8743489578125001 0.227294921875 0.8717447921874999 0.2236328125 0.8483072921874999 0.19970703125 0.8382161453125001 0.191162109375 0.8317057296874999 0.187744140625 0.822265625 0.18896484375 0.7737630203125 0.20263671875 0.7662760421875 0.2060546875 0.7620442703125 0.20947265625 0.759765625 0.215087890625 0.7600911453125 0.22021484375 0.7822265625 0.2451171875 0.8011067703125001 0.260498046875 0.8046875 0.26171875
8 0.2985026046875 0.492919921875 0.302734375 0.49609375 0.306640625 0.4970703125 0.3141276046875 0.49658203125 0.3662109375 0.48779296875 0.3876953125 0.483642578125 0.3932291671875 0.480712890625 0.3951822921875 0.477294921875 0.3948567703125 0.4716796875 0.3792317703125 0.421630859375 0.373046875 0.4130859375 0.3583984375 0.413330078125 0.2897135421875 0.423828125 0.2828776046875 0.42626953125 0.2805989578125 0.4287109375 0.2802734375 0.43310546875 0.283203125 0.445556640625 0.294921875 0.487060546875 0.2985026046875 0.492919921875
12 0.1080729171875 0.53564453125 0.1162109375 0.534912109375 0.1295572921875 0.529052734375 0.1852213546875 0.500244140625 0.1897786453125 0.494873046875 0.1891276046875 0.4912109375 0.18359375 0.48388671875 0.1497395828125 0.448486328125 0.1416015625 0.44140625 0.1337890625 0.43798828125 0.109375 0.447021484375 0.05891927031250001 0.47265625 0.052734375 0.47802734375 0.0537109375 0.48291015625 0.09505208281250001 0.529296875 0.1028645828125 0.534423828125 0.1080729171875 0.53564453125
12 0.1057942703125 0.44677734375 0.1337890625 0.435302734375 0.1370442703125 0.4296875 0.1676432296875 0.40087890625 0.1682942703125 0.3974609375 0.1640625 0.390380859375 0.15234375 0.3828125 0.1236979171875 0.368896484375 0.09798177031250001 0.35888671875 0.091796875 0.35791015625 0.087890625 0.359130859375 0.0328776046875 0.406494140625 0.0322265625 0.41162109375 0.0377604171875 0.414794921875 0.0986328125 0.445068359375 0.1057942703125 0.44677734375
12 0.4498697921875 0.404296875 0.4527994796875 0.407958984375 0.455078125 0.408447265625 0.4635416671875 0.407470703125 0.4912109375 0.3916015625 0.5198567703125 0.37353515625 0.5237630203125 0.36669921875 0.5227864578125 0.359375 0.5192057296875 0.356201171875 0.4918619796875 0.33642578125 0.4833984375 0.32861328125 0.470703125 0.32080078125 0.4661458328125 0.3193359375 0.4567057296875 0.321044921875 0.4446614578125 0.32958984375 0.4251302078125 0.33837890625 0.4016927078125 0.35205078125 0.3977864578125 0.356201171875 0.3971354171875 0.359619140625 0.4007161453125 0.36572265625 0.4215494796875 0.38330078125 0.4498697921875 0.404296875
12 0.7138671875 0.656982421875 0.7682291671875 0.660400390625 0.7972005203125 0.660400390625 0.8046875 0.65771484375 0.8082682296874999 0.65087890625 0.8076171875 0.6162109375 0.8053385421874999 0.5888671875 0.8037109375 0.584716796875 0.7998046875 0.58154296875 0.7766927078125 0.578369140625 0.7099609375 0.57666015625 0.7041015625 0.578125 0.7001953125 0.5810546875 0.6979166671875 0.589111328125 0.6985677078125 0.645751953125 0.7001953125 0.6513671875 0.703125 0.65478515625 0.7138671875 0.656982421875
20 0.6061197921875 0.714599609375 0.6165364578125 0.72119140625 0.623046875 0.72314453125 0.6302083328125 0.721435546875 0.6852213546875 0.68212890625 0.6962890625 0.6728515625 0.6979166671875 0.668701171875 0.6966145828125 0.66552734375 0.689453125 0.658447265625 0.6416015625 0.61865234375 0.6305338546875 0.6123046875 0.6272786453125 0.611572265625 0.6217447921875 0.61181640625 0.615234375 0.614990234375 0.5628255203125 0.650146484375 0.5514322921875 0.65966796875 0.55078125 0.66162109375 0.5533854171875 0.66650390625 0.5911458328125 0.701904296875 0.6061197921875 0.714599609375
20 0.3173828125 0.599365234375 0.3274739578125 0.601806640625 0.3349609375 0.601806640625 0.3391927078125 0.598876953125 0.3486328125 0.5791015625 0.3636067703125 0.5537109375 0.3704427078125 0.538818359375 0.37109375 0.53173828125 0.3694661453125 0.52978515625 0.3610026046875 0.52587890625 0.32421875 0.514892578125 0.287109375 0.506103515625 0.2796223953125 0.5068359375 0.2760416671875 0.509521484375 0.2718098953125 0.515869140625 0.23795572968749998 0.56982421875 0.23860677031250002 0.5732421875 0.24153645781250002 0.575927734375 0.2581380203125 0.58203125 0.3173828125 0.599365234375
11 0.4912109375 0.759033203125 0.5406901046875 0.7578125 0.5540364578125 0.756591796875 0.5608723953125 0.7548828125 0.5641276046875 0.74951171875 0.564453125 0.735107421875 0.5615234375 0.680908203125 0.560546875 0.675048828125 0.5537109375 0.669677734375 0.4632161453125 0.671142578125 0.4544270828125 0.673583984375 0.4518229171875 0.678466796875 0.4518229171875 0.75048828125 0.4547526046875 0.75537109375 0.4638671875 0.758056640625 0.4912109375 0.759033203125
11 0.2724609375 0.85009765625 0.2887369796875 0.863525390625 0.2932942703125 0.86474609375 0.3001302078125 0.863525390625 0.3115234375 0.857177734375 0.3662109375 0.818359375 0.3798828125 0.80712890625 0.3805338546875 0.803955078125 0.3763020828125 0.797119140625 0.3229166671875 0.747314453125 0.3180338546875 0.743408203125 0.3118489578125 0.74169921875 0.3033854171875 0.742919921875 0.23111979218749998 0.792236328125 0.22526041718749998 0.79736328125 0.22395833281250002 0.80029296875 0.22493489531250002 0.803466796875 0.23046875 0.810546875 0.2724609375 0.85009765625
11 0.203125 0.352294921875 0.23111979218749998 0.359619140625 0.23763020781250002 0.3564453125 0.2688802078125 0.322021484375 0.275390625 0.3115234375 0.275390625 0.306884765625 0.2724609375 0.301513671875 0.265625 0.297119140625 0.21354166718749998 0.279541015625 0.19921875 0.277587890625 0.1940104171875 0.2802734375 0.1848958328125 0.2880859375 0.1520182296875 0.322509765625 0.1516927078125 0.328125 0.1585286453125 0.334716796875 0.1643880203125 0.33837890625 0.203125 0.352294921875
7 0.3694661453125 0.342041015625 0.3837890625 0.344970703125 0.390625 0.3427734375 0.39453125 0.3388671875 0.421875 0.305419921875 0.42578125 0.296630859375 0.4261067703125 0.2900390625 0.4222005203125 0.28564453125 0.3932291671875 0.2744140625 0.3522135421875 0.26318359375 0.3479817703125 0.2646484375 0.3414713546875 0.270751953125 0.3141276046875 0.29931640625 0.3069661453125 0.30859375 0.3069661453125 0.31494140625 0.310546875 0.320068359375 0.3138020828125 0.322021484375 0.3694661453125 0.342041015625
7 0.1432291671875 0.266357421875 0.1484375 0.26611328125 0.16796875 0.26025390625 0.21321614531250002 0.24462890625 0.2177734375 0.241455078125 0.21744791718749998 0.234375 0.21158854218749998 0.224609375 0.1897786453125 0.19775390625 0.1842447921875 0.192138671875 0.1787109375 0.188720703125 0.1402994796875 0.19873046875 0.1090494796875 0.20947265625 0.1031901046875 0.214111328125 0.1028645828125 0.217041015625 0.123046875 0.24462890625 0.138671875 0.263671875 0.1432291671875 0.266357421875
7 0.2578125 0.220458984375 0.2897135421875 0.220947265625 0.294921875 0.21630859375 0.3024088546875 0.18505859375 0.3040364578125 0.17138671875 0.3020833328125 0.164794921875 0.3001302078125 0.163330078125 0.2900390625 0.160888671875 0.2552083328125 0.157470703125 0.2236328125 0.157958984375 0.2197265625 0.16015625 0.216796875 0.1650390625 0.20475260468749998 0.199951171875 0.2060546875 0.2099609375 0.20865885468749998 0.2138671875 0.21354166718749998 0.216064453125 0.2578125 0.220458984375
19 0.484375 0.516357421875 0.4889322921875 0.511962890625 0.501953125 0.48828125 0.5162760421875 0.466552734375 0.5224609375 0.452880859375 0.51953125 0.44921875 0.5016276046875 0.442138671875 0.4814453125 0.4365234375 0.4645182296875 0.430419921875 0.4430338546875 0.4248046875 0.4388020828125 0.4248046875 0.4345703125 0.42626953125 0.4287109375 0.431884765625 0.3968098953125 0.4794921875 0.396484375 0.487060546875 0.400390625 0.491455078125 0.4772135421875 0.516357421875 0.484375 0.516357421875
19 0.8815104171874999 0.58154296875 0.8854166671874999 0.582763671875 0.8935546875 0.582275390625 0.9095052078125001 0.5751953125 0.94921875 0.554443359375 0.9596354171874999 0.547607421875 0.9638671875 0.54345703125 0.9638671875 0.53955078125 0.9612630203125001 0.535888671875 0.9453125 0.519287109375 0.9173177078125001 0.49365234375 0.9078776046874999 0.48681640625 0.9049479171874999 0.486083984375 0.900390625 0.486083984375 0.8958333328125001 0.48779296875 0.8824869796874999 0.49560546875 0.8662109375 0.50146484375 0.8639322921874999 0.50390625 0.8544921875 0.509033203125 0.8333333328125001 0.518798828125 0.8268229171874999 0.52392578125 0.8255208328125001 0.52685546875 0.8277994796874999 0.531494140625 0.8717447921874999 0.573974609375 0.8815104171874999 0.58154296875
19 0.9420572921874999 0.4521484375 0.9453125 0.451904296875 0.9514973953125001 0.449951171875 0.9596354171874999 0.443115234375 0.9775390625 0.417724609375 0.9853515625 0.404296875 0.9876302078125001 0.397216796875 0.984375 0.392822265625 0.9599609375 0.3798828125 0.9189453125 0.36474609375 0.9108072921874999 0.363525390625 0.9055989578125001 0.36572265625 0.9013671875 0.36962890625 0.8665364578125001 0.41455078125 0.8662109375 0.418212890625 0.8798828125 0.427490234375 0.931640625 0.449462890625 0.9420572921874999 0.4521484375
21 0.5322265625 0.657470703125 0.5397135421875 0.659912109375 0.544921875 0.65869140625 0.5472005203125 0.656982421875 0.5924479171875 0.607177734375 0.5979817703125 0.599365234375 0.5979817703125 0.5966796875 0.5970052078125 0.594482421875 0.5924479171875 0.591064453125 0.5455729171875 0.5634765625 0.5325520828125 0.55712890625 0.5231119796875 0.5537109375 0.5185546875 0.55322265625 0.5120442703125 0.556396484375 0.5032552078125 0.56396484375 0.4599609375 0.605712890625 0.4583333328125 0.608642578125 0.4580078125 0.61279296875 0.4638671875 0.618896484375 0.501953125 0.638427734375 0.5322265625 0.657470703125
21 0.4222005203125 0.634033203125 0.4322916671875 0.636474609375 0.4388020828125 0.635986328125 0.4446614578125 0.629638671875 0.4742838546875 0.5751953125 0.4765625 0.568359375 0.4755859375 0.56396484375 0.4563802078125 0.55615234375 0.3984375 0.539306640625 0.390625 0.537841796875 0.3837890625 0.53857421875 0.3756510421875 0.54736328125 0.3434244796875 0.5986328125 0.3427734375 0.602783203125 0.3444010421875 0.6064453125 0.3567708328125 0.61279296875 0.4222005203125 0.634033203125
8 0.859375 0.3271484375 0.8665364578125001 0.327392578125 0.9205729171874999 0.318359375 0.9345703125 0.31396484375 0.939453125 0.31103515625 0.9420572921874999 0.307373046875 0.94140625 0.30078125 0.9365234375 0.2919921875 0.9134114578125001 0.258544921875 0.9075520828125001 0.254638671875 0.8948567703125001 0.254150390625 0.8414713546874999 0.26318359375 0.8310546875 0.268310546875 0.8264973953125001 0.27587890625 0.8255208328125001 0.279541015625 0.8271484375 0.282958984375 0.8522135421874999 0.3212890625 0.859375 0.3271484375