5 0.67724609375 0.3424479171875 0.681884765625 0.3424479171875 0.69921875 0.3346354171875 0.71826171875 0.3238932296875 0.727294921875 0.3206380203125 0.7451171875 0.310546875 0.75341796875 0.3040364578125 0.755126953125 0.30078125 0.7548828125 0.2926432296875 0.74169921875 0.2431640625 0.734130859375 0.216796875 0.73046875 0.20670572968749998 0.727294921875 0.20149739531250002 0.72021484375 0.20149739531250002 0.6611328125 0.23014322968749998 0.65234375 0.2373046875 0.649169921875 0.24446614531250002 0.650634765625 0.2584635421875 0.671630859375 0.3349609375 0.67431640625 0.33984375 0.67724609375 0.3424479171875
3 0.55126953125 0.3619791671875 0.574462890625 0.3570963546875 0.619384765625 0.3434244796875 0.623779296875 0.3408203125 0.626708984375 0.3359375 0.626953125 0.3277994796875 0.623779296875 0.30078125 0.61669921875 0.2545572921875 0.61328125 0.23763020781250002 0.609375 0.23014322968749998 0.603759765625 0.22916666718749998 0.594970703125 0.23046875 0.53955078125 0.24381510468749998 0.529052734375 0.25 0.527099609375 0.2552083328125 0.527099609375 0.2659505203125 0.53955078125 0.35546875 0.54150390625 0.3600260421875 0.55126953125 0.3619791671875
8 0.411865234375 0.611328125 0.4775390625 0.6080729171875 0.48193359375 0.6031901046875 0.483154296875 0.5989583328125 0.48193359375 0.501953125 0.481201171875 0.4977213546875 0.478759765625 0.4934895828125 0.47509765625 0.4918619796875 0.400634765625 0.4931640625 0.39599609375 0.4967447921875 0.39404296875 0.5016276046875 0.394287109375 0.6022135421875 0.3974609375 0.6087239578125 0.40380859375 0.611328125 0.411865234375 0.611328125
20 0.435791015625 0.8277994796874999 0.443603515625 0.8307291671874999 0.475830078125 0.8522135421874999 0.482666015625 0.853515625 0.4853515625 0.8512369796874999 0.489990234375 0.8430989578125001 0.5166015625 0.775390625 0.52099609375 0.7587890625 0.52099609375 0.7509765625 0.516845703125 0.7447916671875 0.459228515625 0.7076822921875 0.449462890625 0.7027994796875 0.446044921875 0.703125 0.43896484375 0.716796875 0.40966796875 0.7932942703125 0.407958984375 0.8001302078125001 0.408935546875 0.806640625 0.418212890625 0.81640625 0.435791015625 0.8277994796874999
20 0.33203125 0.5706380203125 0.34521484375 0.5719401046875 0.353271484375 0.5712890625 0.355712890625 0.568359375 0.35791015625 0.5608723953125 0.362548828125 0.5328776046875 0.37109375 0.474609375 0.371826171875 0.4671223953125 0.37109375 0.4602864578125 0.365478515625 0.4554036453125 0.293701171875 0.4358723953125 0.285888671875 0.435546875 0.282958984375 0.439453125 0.279052734375 0.4527994796875 0.2666015625 0.5341796875 0.2666015625 0.5475260421875 0.2685546875 0.5511067703125 0.2734375 0.5537109375 0.33203125 0.5706380203125
21 0.533447265625 0.7369791671875 0.539794921875 0.7366536453125 0.544189453125 0.7317708328125 0.54833984375 0.7197265625 0.56640625 0.640625 0.56591796875 0.6305338546875 0.560302734375 0.6256510421875 0.54638671875 0.619140625 0.5 0.6012369796875 0.49169921875 0.5986328125 0.48779296875 0.5989583328125 0.4833984375 0.60546875 0.479736328125 0.6184895828125 0.462158203125 0.6927083328125 0.4619140625 0.7063802078125 0.467041015625 0.7119140625 0.5263671875 0.7350260421875 0.533447265625 0.7369791671875
21 0.560302734375 0.6142578125 0.5703125 0.6171875 0.57470703125 0.6165364578125 0.577392578125 0.6129557296875 0.580810546875 0.6022135421875 0.589599609375 0.5647786453125 0.59765625 0.525390625 0.597900390625 0.5123697921875 0.595703125 0.5078125 0.581787109375 0.5009765625 0.5322265625 0.48046875 0.525146484375 0.478515625 0.519287109375 0.4798177078125 0.517822265625 0.4814453125 0.512939453125 0.4947916671875 0.501708984375 0.5397135421875 0.494384765625 0.5745442703125 0.494140625 0.5817057296875 0.49560546875 0.5852864578125 0.499755859375 0.5895182296875 0.560302734375 0.6142578125
8 0.706298828125 0.7516276046875 0.71337890625 0.751953125 0.717529296875 0.7477213546875 0.725341796875 0.7275390625 0.7451171875 0.6689453125 0.74755859375 0.6578776046875 0.7470703125 0.6546223953125 0.740966796875 0.6474609375 0.6953125 0.6184895828125 0.681884765625 0.6110026046875 0.67529296875 0.609375 0.671875 0.6129557296875 0.670654296875 0.6162109375 0.6640625 0.638671875 0.640869140625 0.7041015625 0.641357421875 0.7099609375 0.643798828125 0.7135416671875 0.66162109375 0.7265625 0.706298828125 0.7516276046875
8 0.73779296875 0.642578125 0.7470703125 0.6526692703125 0.75 0.6588541671875 0.755126953125 0.6627604171875 0.761474609375 0.6611328125 0.768798828125 0.6546223953125 0.81103515625 0.6041666671875 0.814697265625 0.5979817703125 0.81591796875 0.5927734375 0.814697265625 0.5852864578125 0.803466796875 0.5654296875 0.771728515625 0.5159505203125 0.7674562984375 0.5119078781249999 0.76319555625 0.511006184375 0.75690600625 0.5113668625 0.7506164546874999 0.519392253125 0.7445300296874999 0.5258847656250001 0.7385786140625 0.5340904953125001 0.7243088375 0.5471653640625 0.7129599609375 0.5622731125 0.707763671875 0.5774739578125 0.706787109375 0.5849609375 0.70654296875 0.5888671875 0.708984375 0.5960286453125 0.71826171875 0.6129557296875 0.73779296875 0.642578125
2 0.80517578125 0.56640625 0.81591796875 0.5875651046875 0.816650390625 0.5908203125 0.81591796875 0.599609375 0.817626953125 0.61328125 0.82373046875 0.6236979171875 0.83154296875 0.6285807296875 0.838623046875 0.62890625 0.852294921875 0.6204427078125 0.8837890625 0.5960286453125 0.89697265625 0.5836588546875 0.899658203125 0.578125 0.89794921875 0.5677083328125 0.87109375 0.4970703125 0.868408203125 0.4915364578125 0.864013671875 0.4876302078125 0.8583984375 0.4873046875 0.8525390625 0.4899088546875 0.820068359375 0.515625 0.813232421875 0.5192057296875 0.792236328125 0.5364583328125 0.791015625 0.5397135421875 0.792236328125 0.5465494796875 0.7998046875 0.5595703125 0.80517578125 0.56640625
19 0.616455078125 0.8255208328125001 0.62353515625 0.8264973953125001 0.627197265625 0.8245442703125001 0.63134765625 0.8177083328125001 0.659423828125 0.7340494796875 0.659912109375 0.7301432296875 0.654296875 0.7223307296875 0.6396484375 0.7125651046875 0.602294921875 0.6907552078125 0.584716796875 0.6822916671875 0.579345703125 0.6865234375 0.576904296875 0.6907552078125 0.548583984375 0.7727864578125 0.548828125 0.7825520828125 0.55517578125 0.791015625 0.59423828125 0.8147786453125001 0.616455078125 0.8255208328125001
19 0.629638671875 0.5771484375 0.685302734375 0.5927734375 0.695068359375 0.5947265625 0.701904296875 0.5930989578125 0.704833984375 0.5882161453125 0.7080078125 0.5716145828125 0.719482421875 0.5009765625 0.72021484375 0.494140625 0.71923828125 0.4895833328125 0.718017578125 0.4873046875 0.713134765625 0.4840494796875 0.658447265625 0.4661458328125 0.646728515625 0.4635416671875 0.640380859375 0.4638671875 0.63623046875 0.4658203125 0.633056640625 0.470703125 0.631103515625 0.48046875 0.617431640625 0.5602213546875 0.6171875 0.5647786453125 0.618408203125 0.5703125 0.62158203125 0.5732421875 0.629638671875 0.5771484375
19 0.546630859375 0.9195963546874999 0.55322265625 0.9225260421874999 0.55712890625 0.9222005203125001 0.563232421875 0.9147135421874999 0.578369140625 0.8805338546874999 0.596923828125 0.8349609375 0.597412109375 0.8274739578125001 0.594970703125 0.822265625 0.58740234375 0.8151041671874999 0.552490234375 0.791015625 0.54833984375 0.78515625 0.532958984375 0.7734375 0.530029296875 0.7718098953125 0.52587890625 0.7721354171875 0.518310546875 0.7796223953125 0.50048828125 0.8255208328125001 0.490478515625 0.8479817703125001 0.48583984375 0.86328125 0.485595703125 0.8704427078125001 0.487060546875 0.875 0.489013671875 0.8772786453125001 0.546630859375 0.9195963546874999
12 0.383544921875 0.9296875 0.390380859375 0.9303385421874999 0.393798828125 0.927734375 0.39794921875 0.9215494796874999 0.4228515625 0.8681640625 0.432861328125 0.8427734375 0.43310546875 0.8346354171874999 0.429443359375 0.8287760421874999 0.424072265625 0.8238932296874999 0.403076171875 0.80859375 0.36767578125 0.7776692703125 0.36328125 0.7766927078125 0.359130859375 0.7805989578125 0.348876953125 0.8011067703125001 0.34130859375 0.8209635421874999 0.32275390625 0.8587239578125001 0.317626953125 0.875 0.318603515625 0.8802083328125001 0.327880859375 0.8909505203125001 0.376953125 0.9261067703125001 0.383544921875 0.9296875
12 0.263427734375 0.4791666671875 0.2685546875 0.4781901046875 0.2744140625 0.470703125 0.282958984375 0.4365234375 0.28515625 0.4339192703125 0.288818359375 0.421875 0.2978515625 0.3870442703125 0.298095703125 0.3717447921875 0.296630859375 0.3688151046875 0.24267578125 0.3408203125 0.223388671875 0.3313802078125 0.217041015625 0.3310546875 0.2119140625 0.33984375 0.185546875 0.4306640625 0.186279296875 0.4388020828125 0.1953125 0.4462890625 0.25439453125 0.4762369796875 0.263427734375 0.4791666671875
12 0.316162109375 0.3082682296875 0.32861328125 0.3170572921875 0.335205078125 0.3186848953125 0.339599609375 0.31640625 0.3427734375 0.3118489578125 0.3662109375 0.265625 0.37890625 0.23697916718749998 0.380615234375 0.23046875 0.380615234375 0.22330729218749998 0.37841796875 0.21809895781250002 0.372314453125 0.2119140625 0.315673828125 0.1640625 0.310791015625 0.1611328125 0.30712890625 0.1611328125 0.29931640625 0.1725260421875 0.260986328125 0.2509765625 0.261474609375 0.2584635421875 0.2685546875 0.2669270828125 0.286865234375 0.2815755203125 0.316162109375 0.3082682296875
12 0.4912109375 0.4736328125 0.560546875 0.4814453125 0.564453125 0.4772135421875 0.56591796875 0.4736328125 0.567626953125 0.4615885421875 0.573486328125 0.3844401046875 0.572998046875 0.3736979171875 0.57177734375 0.3697916671875 0.569091796875 0.3671875 0.564208984375 0.365234375 0.55419921875 0.3636067703125 0.49853515625 0.3570963546875 0.49072265625 0.3580729171875 0.486328125 0.3662109375 0.483642578125 0.3834635421875 0.4833984375 0.4026692703125 0.48046875 0.4423828125 0.47998046875 0.4641927078125 0.481201171875 0.4684244796875 0.483642578125 0.4710286453125 0.4912109375 0.4736328125
11 0.38720703125 0.736328125 0.39404296875 0.7360026046875 0.3994140625 0.7272135421875 0.42578125 0.6572265625 0.430419921875 0.640625 0.430419921875 0.6334635421875 0.42822265625 0.6292317703125 0.421630859375 0.6246744796875 0.3935546875 0.6067708328125 0.38134765625 0.6005859375 0.360595703125 0.5862630203125 0.35595703125 0.5856119796875 0.3505859375 0.5908203125 0.344970703125 0.6041666671875 0.32275390625 0.6617838546875 0.316162109375 0.68359375 0.3173828125 0.6897786453125 0.32373046875 0.6966145828125 0.3798828125 0.7327473953125 0.38720703125 0.736328125
11 0.301025390625 0.685546875 0.308349609375 0.6865234375 0.312255859375 0.6852213546875 0.31640625 0.6780598953125 0.32177734375 0.6559244796875 0.333740234375 0.5843098953125 0.333984375 0.57421875 0.331787109375 0.5719401046875 0.324462890625 0.5693359375 0.26171875 0.5511067703125 0.251953125 0.5491536453125 0.247802734375 0.5501302078125 0.245361328125 0.5537109375 0.2412109375 0.5706380203125 0.228271484375 0.6484375 0.227783203125 0.6578776046875 0.228759765625 0.6608072921875 0.237548828125 0.6673177078125 0.301025390625 0.685546875
11 0.32421875 0.4404296875 0.380859375 0.4410807296875 0.386962890625 0.4391276046875 0.38916015625 0.4358723953125 0.389892578125 0.4300130203125 0.390380859375 0.3958333328125 0.392578125 0.3541666671875 0.392333984375 0.3404947921875 0.389404296875 0.3277994796875 0.384765625 0.3238932296875 0.373779296875 0.3219401046875 0.31103515625 0.3190104171875 0.303466796875 0.3209635421875 0.301513671875 0.3248697921875 0.300537109375 0.3310546875 0.299072265625 0.3932291671875 0.298828125 0.4261067703125 0.2998046875 0.4322916671875 0.303955078125 0.4378255203125 0.32421875 0.4404296875
7 0.40087890625 0.4899088546875 0.440185546875 0.4915364578125 0.473876953125 0.4905598953125 0.4775390625 0.4869791671875 0.479736328125 0.4703776046875 0.47998046875 0.38671875 0.47900390625 0.3802083328125 0.47509765625 0.3753255203125 0.470458984375 0.3740234375 0.4423828125 0.373046875 0.396240234375 0.3727213546875 0.392822265625 0.3759765625 0.391845703125 0.380859375 0.390625 0.4303385421875 0.390625 0.4781901046875 0.3916015625 0.4840494796875 0.39501953125 0.48828125 0.40087890625 0.4899088546875
7 0.385009765625 0.22623697968749998 0.411376953125 0.25390625 0.421875 0.2639973953125 0.42578125 0.265625 0.429443359375 0.263671875 0.436279296875 0.2535807296875 0.444580078125 0.23763020781250002 0.47509765625 0.1865234375 0.4765625 0.1748046875 0.475341796875 0.1692708328125 0.47265625 0.166015625 0.41796875 0.1100260421875 0.411865234375 0.1057942703125 0.40771484375 0.1057942703125 0.359130859375 0.1875 0.359130859375 0.1949869796875 0.362060546875 0.20149739531250002 0.374267578125 0.2119140625 0.385009765625 0.22623697968749998
7 0.49658203125 0.251953125 0.498291015625 0.2555338546875 0.503173828125 0.2568359375 0.510009765625 0.2552083328125 0.525634765625 0.24967447968749998 0.533935546875 0.2451171875 0.575439453125 0.23372395781250002 0.579833984375 0.23079427031250002 0.5810546875 0.22493489531250002 0.580810546875 0.21907552031250002 0.57470703125 0.1741536453125 0.56787109375 0.1331380203125 0.56396484375 0.1233723953125 0.560791015625 0.1214192703125 0.549560546875 0.1220703125 0.4912109375 0.1357421875 0.484130859375 0.1399739578125 0.48193359375 0.146484375 0.482666015625 0.1656901046875 0.48583984375 0.1884765625 0.494384765625 0.24088541718749998 0.49658203125 0.251953125
10 0.671630859375 0.4345703125 0.668701171875 0.4495442703125 0.6708984375 0.4593098953125 0.6748046875 0.4638671875 0.6826171875 0.4641927078125 0.69970703125 0.4596354171875 0.7138671875 0.4541015625 0.741455078125 0.4462890625 0.754150390625 0.4388020828125 0.755615234375 0.4322916671875 0.754150390625 0.41796875 0.741943359375 0.341796875 0.739990234375 0.3352864578125 0.738525390625 0.3336588546875 0.734130859375 0.3317057296875 0.730712890625 0.33203125 0.703857421875 0.3411458328125 0.677490234375 0.34765625 0.664306640625 0.3522135421875 0.6611328125 0.3544921875 0.659912109375 0.3570963546875 0.65966796875 0.3629557296875 0.664794921875 0.3971354171875 0.671142578125 0.4287109375 0.671630859375 0.4345703125
10 0.580078125 0.4322916671875 0.58447265625 0.4596354171875 0.58837890625 0.4664713546875 0.591552734375 0.4677734375 0.599365234375 0.4674479171875 0.657958984375 0.4518229171875 0.666748046875 0.4475911453125 0.669189453125 0.4436848953125 0.669921875 0.4313151046875 0.658203125 0.35546875 0.654541015625 0.3421223953125 0.651123046875 0.3385416671875 0.646728515625 0.3385416671875 0.630126953125 0.3434244796875 0.622802734375 0.34375 0.5810546875 0.3548177078125 0.576171875 0.3577473953125 0.572998046875 0.3629557296875 0.572509765625 0.3671875 0.573974609375 0.3727213546875 0.576904296875 0.408203125 0.580078125 0.4322916671875
10 0.633056640625 0.7073567703125 0.636962890625 0.7073567703125 0.63916015625 0.7044270828125 0.647705078125 0.6842447921875 0.66357421875 0.6376953125 0.67041015625 0.61328125 0.670654296875 0.6090494796875 0.666259765625 0.6022135421875 0.63720703125 0.5836588546875 0.608154296875 0.5667317703125 0.599365234375 0.5628255203125 0.59521484375 0.5631510421875 0.5908203125 0.5670572921875 0.588134765625 0.5738932296875 0.57958984375 0.6100260421875 0.571044921875 0.6256510421875 0.568359375 0.6334635421875 0.56689453125 0.64453125 0.5634765625 0.6578776046875 0.563232421875 0.6647135421875 0.5712890625 0.671875 0.626953125 0.7047526046875 0.633056640625 0.7073567703125