19 0.541015625 0.4088541671875 0.545166015625 0.4111328125 0.546875 0.4111328125 0.550048828125 0.408203125 0.570556640625 0.3870442703125 0.572998046875 0.3831380203125 0.602783203125 0.35546875 0.604248046875 0.3528645828125 0.60302734375 0.3421223953125 0.595458984375 0.3287760421875 0.564453125 0.2828776046875 0.5595703125 0.2783203125 0.553466796875 0.279296875 0.5458984375 0.2861328125 0.50830078125 0.326171875 0.501708984375 0.3356119796875 0.50146484375 0.3434244796875 0.5048828125 0.3512369796875 0.535888671875 0.4016927078125 0.541015625 0.4088541671875
20 0.42529296875 0.4427083328125 0.450927734375 0.421875 0.478271484375 0.384765625 0.479736328125 0.3805338546875 0.47900390625 0.3736979171875 0.476318359375 0.3665364578125 0.43505859375 0.3134765625 0.429931640625 0.3102213546875 0.42578125 0.310546875 0.422119140625 0.3131510421875 0.379638671875 0.3697916671875 0.377197265625 0.3753255203125 0.376953125 0.3802083328125 0.37841796875 0.3834635421875 0.400634765625 0.4130859375 0.42529296875 0.4427083328125
19 0.3095703125 0.4173177078125 0.3173828125 0.4169921875 0.372314453125 0.4036458328125 0.375732421875 0.4007161453125 0.376953125 0.3916015625 0.3701171875 0.318359375 0.3681640625 0.3118489578125 0.36474609375 0.3056640625 0.360107421875 0.3033854171875 0.35595703125 0.3033854171875 0.321044921875 0.3111979171875 0.30078125 0.3170572921875 0.29638671875 0.3203125 0.2939453125 0.3245442703125 0.293701171875 0.3323567703125 0.2998046875 0.4078776046875 0.305419921875 0.4153645828125 0.3095703125 0.4173177078125
19 0.26904296875 0.5634765625 0.27197265625 0.5719401046875 0.275634765625 0.5755208328125 0.283935546875 0.5768229171875 0.2890625 0.5751953125 0.343505859375 0.5400390625 0.345947265625 0.5361328125 0.345703125 0.5325520828125 0.34130859375 0.5231119796875 0.335693359375 0.4970703125 0.32568359375 0.46484375 0.3203125 0.4527994796875 0.314453125 0.4475911453125 0.309814453125 0.447265625 0.30517578125 0.4488932296875 0.259765625 0.4801432296875 0.251220703125 0.4869791671875 0.24853515625 0.4915364578125 0.248291015625 0.4947916671875 0.25048828125 0.5052083328125 0.26025390625 0.5335286453125 0.26904296875 0.5634765625
11 0.303955078125 0.6848958328125 0.306396484375 0.6861979171875 0.314453125 0.6848958328125 0.332275390625 0.6728515625 0.366455078125 0.6474609375 0.373291015625 0.6412760421875 0.374755859375 0.6376953125 0.37451171875 0.6337890625 0.365478515625 0.6070963546875 0.349365234375 0.5634765625 0.344970703125 0.5553385421875 0.338623046875 0.5504557296875 0.33154296875 0.5511067703125 0.324462890625 0.5559895828125 0.278076171875 0.5914713546875 0.273681640625 0.5986328125 0.2734375 0.6025390625 0.275634765625 0.611328125 0.2998046875 0.677734375 0.303955078125 0.6848958328125
11 0.500244140625 0.6311848953125 0.506591796875 0.6298828125 0.529541015625 0.6110026046875 0.561279296875 0.5836588546875 0.56396484375 0.578125 0.564208984375 0.57421875 0.55810546875 0.55859375 0.5302734375 0.5013020828125 0.52587890625 0.4947916671875 0.522705078125 0.4928385421875 0.517333984375 0.4947916671875 0.470703125 0.5328776046875 0.462646484375 0.5406901046875 0.46044921875 0.544921875 0.460205078125 0.5501302078125 0.462158203125 0.5559895828125 0.49365234375 0.6263020828125 0.500244140625 0.6311848953125
11 0.573974609375 0.7373046875 0.58837890625 0.7386067703125 0.59228515625 0.734375 0.593505859375 0.7272135421875 0.600341796875 0.658203125 0.60107421875 0.6334635421875 0.595458984375 0.6276041671875 0.560791015625 0.6197916671875 0.5302734375 0.6145833328125 0.52490234375 0.615234375 0.52197265625 0.6178385421875 0.52001953125 0.623046875 0.5126953125 0.6888020828125 0.5107421875 0.7171223953125 0.51416015625 0.72265625 0.51904296875 0.7252604171875 0.573974609375 0.7373046875
7 0.43505859375 0.7320963546875 0.496826171875 0.7454427078125 0.502685546875 0.7447916671875 0.505126953125 0.7431640625 0.508056640625 0.7340494796875 0.511962890625 0.6878255203125 0.515869140625 0.6552734375 0.516357421875 0.6402994796875 0.513671875 0.6373697921875 0.50927734375 0.6354166671875 0.449462890625 0.6220703125 0.4423828125 0.6220703125 0.439453125 0.625 0.4375 0.6334635421875 0.43017578125 0.6884765625 0.427001953125 0.7164713546875 0.427490234375 0.7239583328125 0.43017578125 0.7294921875 0.43505859375 0.7320963546875
7 0.35546875 0.7734375 0.362548828125 0.7731119796875 0.40478515625 0.7607421875 0.42578125 0.7535807296875 0.43017578125 0.7486979171875 0.430419921875 0.7353515625 0.42236328125 0.6748046875 0.418701171875 0.6536458328125 0.4150390625 0.6477864578125 0.406005859375 0.6474609375 0.370849609375 0.658203125 0.352294921875 0.6624348953125 0.343017578125 0.6669921875 0.339599609375 0.6725260421875 0.34033203125 0.6884765625 0.349365234375 0.7626953125 0.353271484375 0.7721354171875 0.35546875 0.7734375
7 0.66064453125 0.4736328125 0.662353515625 0.4772135421875 0.664794921875 0.4791666671875 0.676025390625 0.4778645828125 0.726318359375 0.4573567703125 0.73779296875 0.451171875 0.74072265625 0.4459635421875 0.7412109375 0.4388020828125 0.739501953125 0.4293619796875 0.7265625 0.3834635421875 0.718017578125 0.3561197921875 0.71337890625 0.3518880203125 0.702880859375 0.3538411453125 0.6494140625 0.3759765625 0.644287109375 0.3798828125 0.641845703125 0.3841145828125 0.641845703125 0.3935546875 0.652587890625 0.431640625 0.653076171875 0.4391276046875 0.66064453125 0.4736328125
21 0.6201171875 0.32421875 0.626708984375 0.3297526046875 0.63037109375 0.3297526046875 0.634521484375 0.3264973953125 0.6416015625 0.3173828125 0.675537109375 0.2688802078125 0.678955078125 0.2620442703125 0.68017578125 0.25390625 0.677978515625 0.2470703125 0.66015625 0.22819010468749998 0.65087890625 0.21647135468749998 0.633544921875 0.1985677078125 0.630126953125 0.1956380203125 0.62646484375 0.1946614578125 0.6220703125 0.1962890625 0.614990234375 0.20377604218749998 0.58544921875 0.2451171875 0.57763671875 0.2581380203125 0.575439453125 0.2639973953125 0.57568359375 0.2688802078125 0.577880859375 0.2744140625 0.5849609375 0.2835286453125 0.6201171875 0.32421875
21 0.477294921875 0.3649088546875 0.48095703125 0.3639322921875 0.49609375 0.3470052078125 0.49951171875 0.341796875 0.5029296875 0.3304036453125 0.526611328125 0.3050130203125 0.529541015625 0.3001302078125 0.529296875 0.2965494796875 0.526123046875 0.2880859375 0.4892578125 0.23372395781250002 0.484375 0.22981770781250002 0.47802734375 0.232421875 0.442138671875 0.2718098953125 0.429931640625 0.2867838546875 0.4296875 0.2965494796875 0.432861328125 0.3030598953125 0.458251953125 0.3421223953125 0.477294921875 0.3649088546875
12 0.216796875 0.4947916671875 0.21875 0.4983723953125 0.222900390625 0.5016276046875 0.230712890625 0.5026041671875 0.245361328125 0.4944661453125 0.250244140625 0.4856770828125 0.283447265625 0.4632161453125 0.28955078125 0.4567057296875 0.288818359375 0.4495442703125 0.273193359375 0.3922526046875 0.269287109375 0.3834635421875 0.261962890625 0.3763020828125 0.258544921875 0.3756510421875 0.2548828125 0.376953125 0.234619140625 0.388671875 0.202880859375 0.4078776046875 0.199951171875 0.4104817703125 0.19775390625 0.4147135421875 0.1982421875 0.42578125 0.20947265625 0.4703776046875 0.213623046875 0.48046875 0.216796875 0.4947916671875
12 0.37158203125 0.6266276046875 0.37451171875 0.6311848953125 0.37646484375 0.6324869796875 0.380615234375 0.6321614578125 0.426025390625 0.6214192703125 0.4423828125 0.6168619796875 0.4482421875 0.6123046875 0.44921875 0.6051432296875 0.44677734375 0.5771484375 0.444580078125 0.5651041671875 0.443603515625 0.546875 0.439697265625 0.5218098953125 0.43603515625 0.5143229171875 0.4326171875 0.5126953125 0.42822265625 0.5126953125 0.40771484375 0.5172526046875 0.36962890625 0.52734375 0.364990234375 0.5296223953125 0.362548828125 0.5325520828125 0.361328125 0.5358072921875 0.3623046875 0.5514322921875 0.369140625 0.6162109375 0.37158203125 0.6266276046875
12 0.602783203125 0.615234375 0.605712890625 0.6158854171875 0.609130859375 0.6142578125 0.61669921875 0.6080729171875 0.636474609375 0.587890625 0.66552734375 0.5628255203125 0.669189453125 0.5569661453125 0.6689453125 0.5533854171875 0.6572265625 0.529296875 0.650634765625 0.5192057296875 0.629638671875 0.4807942703125 0.623291015625 0.4736328125 0.619384765625 0.4736328125 0.611083984375 0.4798177078125 0.564453125 0.5221354171875 0.560546875 0.52734375 0.559814453125 0.5335286453125 0.5625 0.541015625 0.597900390625 0.6100260421875 0.602783203125 0.615234375
12 0.421630859375 0.2952473953125 0.4248046875 0.2972005203125 0.427734375 0.2965494796875 0.428466796875 0.2906901046875 0.433349609375 0.2805989578125 0.47705078125 0.23111979218749998 0.474853515625 0.22102864531250002 0.436279296875 0.1676432296875 0.43212890625 0.1653645828125 0.42724609375 0.1676432296875 0.404296875 0.1920572921875 0.3837890625 0.21549479218749998 0.37939453125 0.22330729218749998 0.37939453125 0.22981770781250002 0.38232421875 0.23600260468749998 0.4169921875 0.2890625 0.421630859375 0.2952473953125
2 0.293701171875 0.3138020828125 0.31005859375 0.3115234375 0.349609375 0.3037109375 0.353759765625 0.3011067703125 0.3544921875 0.2919921875 0.353759765625 0.22330729218749998 0.352294921875 0.21614583281250002 0.34765625 0.20930989531250002 0.345703125 0.2080078125 0.3369140625 0.2080078125 0.292724609375 0.21321614531250002 0.282958984375 0.2158203125 0.279541015625 0.22135416718749998 0.2783203125 0.240234375 0.27783203125 0.2975260421875 0.279296875 0.3033854171875 0.286376953125 0.3121744796875 0.293701171875 0.3138020828125
10 0.234130859375 0.3863932296875 0.238037109375 0.3860677078125 0.259033203125 0.3733723953125 0.286376953125 0.3385416671875 0.291748046875 0.3291015625 0.29150390625 0.32421875 0.287841796875 0.3173828125 0.248779296875 0.263671875 0.244873046875 0.2610677078125 0.239990234375 0.26171875 0.231201171875 0.2708333328125 0.196533203125 0.3154296875 0.193359375 0.3209635421875 0.193115234375 0.3251953125 0.1953125 0.3313802078125 0.225830078125 0.3763020828125 0.234130859375 0.3863932296875
10 0.740966796875 0.4280598953125 0.80419921875 0.4039713546875 0.810791015625 0.3994140625 0.8134765625 0.3942057296875 0.8134765625 0.38671875 0.80517578125 0.3522135421875 0.793701171875 0.3108723953125 0.789306640625 0.302734375 0.7822265625 0.3024088546875 0.723388671875 0.3245442703125 0.7159831546875 0.33051204375 0.712890625 0.3385416671875 0.71337890625 0.3470052078125 0.720947265625 0.361328125 0.737548828125 0.4225260421875 0.740966796875 0.4280598953125
10 0.3447265625 0.5296223953125 0.34765625 0.5335286453125 0.351318359375 0.5348307296875 0.359130859375 0.5338541671875 0.36376953125 0.529296875 0.372802734375 0.525390625 0.415771484375 0.5143229171875 0.419189453125 0.5120442703125 0.419677734375 0.501953125 0.408447265625 0.4261067703125 0.402587890625 0.4169921875 0.3974609375 0.4156901046875 0.36767578125 0.423828125 0.3544921875 0.4293619796875 0.34130859375 0.4329427078125 0.3349609375 0.4361979171875 0.332275390625 0.439453125 0.331298828125 0.4423828125 0.331787109375 0.4527994796875 0.34130859375 0.5188802078125 0.3447265625 0.5296223953125
5 0.799560546875 0.5543619796875 0.8056640625 0.552734375 0.811279296875 0.5485026046875 0.857666015625 0.4928385421875 0.861328125 0.484375 0.861083984375 0.4807942703125 0.857177734375 0.4733072921875 0.81103515625 0.4108072921875 0.8076171875 0.4088541671875 0.80322265625 0.4088541671875 0.7978515625 0.4127604171875 0.751220703125 0.4661458328125 0.745849609375 0.4749348953125 0.74560546875 0.48046875 0.75048828125 0.4905598953125 0.793212890625 0.55078125 0.799560546875 0.5543619796875
8 0.66748046875 0.69140625 0.67138671875 0.6940104171875 0.675537109375 0.6930338546875 0.734375 0.6412760421875 0.7373046875 0.6341145828125 0.736083984375 0.6256510421875 0.733154296875 0.6194661453125 0.69677734375 0.5543619796875 0.6923828125 0.5478515625 0.68896484375 0.5458984375 0.685791015625 0.5462239578125 0.67578125 0.5537109375 0.635498046875 0.5901692703125 0.626953125 0.5986328125 0.6240234375 0.603515625 0.625244140625 0.6129557296875 0.633544921875 0.6302083328125 0.661376953125 0.6826171875 0.66748046875 0.69140625
8 0.4482421875 0.5322265625 0.453125 0.5390625 0.460205078125 0.5393880203125 0.51416015625 0.49609375 0.5185546875 0.4912109375 0.51708984375 0.4811197921875 0.512451171875 0.46875 0.48486328125 0.408203125 0.480712890625 0.404296875 0.473388671875 0.4072265625 0.44775390625 0.4251302078125 0.418212890625 0.451171875 0.4169921875 0.4527994796875 0.41748046875 0.4599609375 0.440673828125 0.5166015625 0.4482421875 0.5322265625
8 0.164794921875 0.5572916671875 0.17529296875 0.5589192703125 0.1787109375 0.5563151046875 0.1826171875 0.5504557296875 0.210205078125 0.5048828125 0.21533203125 0.4951171875 0.21533203125 0.4918619796875 0.211669921875 0.4772135421875 0.207275390625 0.4697265625 0.17626953125 0.4348958328125 0.1669921875 0.4280598953125 0.161376953125 0.4270833328125 0.158203125 0.4290364578125 0.1513671875 0.439453125 0.118896484375 0.4951171875 0.1181640625 0.501953125 0.119140625 0.5052083328125 0.154052734375 0.546875 0.164794921875 0.5572916671875
3 0.558349609375 0.4469401046875 0.5810546875 0.4850260421875 0.58837890625 0.4947916671875 0.591796875 0.4964192703125 0.62060546875 0.4710286453125 0.640869140625 0.4501953125 0.64990234375 0.4391276046875 0.6513671875 0.435546875 0.6513671875 0.4287109375 0.643798828125 0.4114583328125 0.6103515625 0.3629557296875 0.6044921875 0.3570963546875 0.600341796875 0.3580729171875 0.586669921875 0.3704427078125 0.54833984375 0.4108072921875 0.544921875 0.4173177078125 0.544677734375 0.421875 0.546630859375 0.4287109375 0.550048828125 0.4352213546875 0.558349609375 0.4469401046875
9 0.572021484375 0.2639973953125 0.57421875 0.2626953125 0.61767578125 0.1985677078125 0.620361328125 0.1920572921875 0.62060546875 0.1865234375 0.616455078125 0.1793619796875 0.5986328125 0.1604817703125 0.5751953125 0.13671875 0.571044921875 0.1331380203125 0.567626953125 0.1321614578125 0.564208984375 0.1337890625 0.552490234375 0.1481119796875 0.520263671875 0.1962890625 0.51953125 0.20377604218749998 0.52294921875 0.21354166718749998 0.563232421875 0.2581380203125 0.572021484375 0.2639973953125
20 0.49462890625 0.2353515625 0.498046875 0.23567708281250002 0.502685546875 0.23274739531250002 0.516357421875 0.2119140625 0.51806640625 0.20703125 0.518310546875 0.20149739531250002 0.521484375 0.1927083328125 0.52734375 0.1819661453125 0.5400390625 0.1653645828125 0.542236328125 0.1608072921875 0.54248046875 0.1569010421875 0.540771484375 0.1513671875 0.537109375 0.1471354171875 0.49853515625 0.1110026046875 0.4912109375 0.1051432296875 0.48779296875 0.1041666671875 0.48486328125 0.1057942703125 0.48046875 0.1116536453125 0.456787109375 0.1477864578125 0.446533203125 0.1643880203125 0.443359375 0.1731770828125 0.4443359375 0.1783854171875 0.466796875 0.20768229218749998 0.489990234375 0.2314453125 0.49462890625 0.2353515625