14 0.647216796875 0.7770182296875 0.65087890625 0.7757161453125 0.658935546875 0.76953125 0.693115234375 0.7347005203125 0.697265625 0.7272135421875 0.695556640625 0.720703125 0.685546875 0.7096354171875 0.68408203125 0.703125 0.681884765625 0.6988932296875 0.656005859375 0.6676432296875 0.65087890625 0.6643880203125 0.6474609375 0.6640625 0.641357421875 0.66796875 0.630859375 0.6806640625 0.621826171875 0.6884765625 0.61328125 0.7067057296875 0.605712890625 0.7122395828125 0.601318359375 0.7213541671875 0.601318359375 0.7275390625 0.612548828125 0.7418619796875 0.640380859375 0.7727864578125 0.647216796875 0.7770182296875
5 0.81982421875 0.7041015625 0.828857421875 0.7047526046875 0.87841796875 0.6936848953125 0.888916015625 0.6901041671875 0.89404296875 0.685546875 0.893798828125 0.6608072921875 0.889892578125 0.61328125 0.8876953125 0.6057942703125 0.8818359375 0.5979817703125 0.876708984375 0.5963541671875 0.870361328125 0.5970052078125 0.81396484375 0.6110026046875 0.810302734375 0.6158854171875 0.808837890625 0.6227213546875 0.80908203125 0.642578125 0.8125 0.6751302078125 0.817138671875 0.6995442703125 0.81982421875 0.7041015625
21 0.734130859375 0.7552083328125 0.740966796875 0.7516276046875 0.76416015625 0.7275390625 0.782470703125 0.7067057296875 0.78515625 0.7005208328125 0.7822265625 0.6891276046875 0.77734375 0.681640625 0.756591796875 0.6591796875 0.741455078125 0.6474609375 0.727294921875 0.6419270828125 0.720458984375 0.6481119796875 0.687744140625 0.6852213546875 0.684326171875 0.6923828125 0.685546875 0.7057291671875 0.689697265625 0.712890625 0.72705078125 0.751953125 0.734130859375 0.7552083328125
21 0.62890625 0.6311848953125 0.636962890625 0.6305338546875 0.639404296875 0.626953125 0.64404296875 0.6139322921875 0.650634765625 0.583984375 0.658203125 0.5572916671875 0.657958984375 0.55078125 0.656005859375 0.54296875 0.652099609375 0.5377604171875 0.64892578125 0.5361328125 0.592529296875 0.5201822921875 0.5869140625 0.5224609375 0.582763671875 0.52734375 0.580322265625 0.5354817703125 0.56787109375 0.6031901046875 0.568359375 0.6090494796875 0.570556640625 0.6123046875 0.57861328125 0.6162109375 0.62890625 0.6311848953125
10 0.552490234375 0.6070963546875 0.561279296875 0.607421875 0.56640625 0.6041666671875 0.572265625 0.5716145828125 0.5771484375 0.5276692703125 0.5771484375 0.525390625 0.574951171875 0.521484375 0.568603515625 0.5149739578125 0.559814453125 0.5104166671875 0.509765625 0.5006510421875 0.50537109375 0.501953125 0.50341796875 0.5045572921875 0.499755859375 0.5221354171875 0.49365234375 0.5846354171875 0.4951171875 0.58984375 0.5029296875 0.5963541671875 0.552490234375 0.6070963546875
10 0.576904296875 0.5224609375 0.58154296875 0.5244140625 0.591064453125 0.5185546875 0.59619140625 0.5081380203125 0.630126953125 0.4619140625 0.632080078125 0.4527994796875 0.630126953125 0.4459635421875 0.623779296875 0.4371744796875 0.58251953125 0.3922526046875 0.578125 0.3883463546875 0.57470703125 0.3883463546875 0.5703125 0.3916015625 0.5556640625 0.4117838546875 0.5322265625 0.4482421875 0.526611328125 0.4599609375 0.526611328125 0.4664713546875 0.5322265625 0.4752604171875 0.563720703125 0.5094401046875 0.576904296875 0.5224609375
10 0.666748046875 0.5511067703125 0.672607421875 0.5514322921875 0.7275390625 0.5458984375 0.734619140625 0.5442708328125 0.7392578125 0.541015625 0.740234375 0.5367838546875 0.740478515625 0.4537760421875 0.73876953125 0.4495442703125 0.734619140625 0.4443359375 0.729248046875 0.4427083328125 0.666015625 0.4475911453125 0.660400390625 0.4495442703125 0.658203125 0.4524739578125 0.65771484375 0.4557291671875 0.658935546875 0.53125 0.65966796875 0.5442708328125 0.660888671875 0.5475260421875 0.666748046875 0.5511067703125
3 0.272216796875 0.6728515625 0.31884765625 0.6767578125 0.328369140625 0.67578125 0.3330078125 0.6715494796875 0.33544921875 0.6604817703125 0.333251953125 0.6565755203125 0.33056640625 0.64453125 0.3271484375 0.5908203125 0.32470703125 0.5856119796875 0.271484375 0.5826822921875 0.26513671875 0.5849609375 0.258544921875 0.595703125 0.258544921875 0.6090494796875 0.265380859375 0.6650390625 0.268798828125 0.6705729171875 0.272216796875 0.6728515625
2 0.328125 0.4091796875 0.33349609375 0.4108072921875 0.337646484375 0.41015625 0.36328125 0.3990885421875 0.392333984375 0.384765625 0.397216796875 0.3802083328125 0.39892578125 0.3766276046875 0.3994140625 0.3684895828125 0.397705078125 0.3603515625 0.373779296875 0.2864583328125 0.369873046875 0.2805989578125 0.365966796875 0.2799479171875 0.318359375 0.3030598953125 0.300048828125 0.3138020828125 0.2978515625 0.3173828125 0.297607421875 0.3219401046875 0.29931640625 0.3313802078125 0.32470703125 0.404296875 0.328125 0.4091796875
20 0.2587890625 0.4606119796875 0.264892578125 0.4635416671875 0.26953125 0.4622395828125 0.277587890625 0.4573567703125 0.288818359375 0.4475911453125 0.2958984375 0.4436848953125 0.31494140625 0.4293619796875 0.322265625 0.4228515625 0.323974609375 0.4186197921875 0.323486328125 0.4104817703125 0.293212890625 0.3460286453125 0.286376953125 0.3349609375 0.283447265625 0.3333333328125 0.279296875 0.3336588546875 0.268310546875 0.3408203125 0.22412109375 0.3759765625 0.220947265625 0.3811848953125 0.220947265625 0.3870442703125 0.222900390625 0.3919270828125 0.254638671875 0.4541015625 0.2587890625 0.4606119796875
20 0.744873046875 0.5481770828125 0.75732421875 0.5491536453125 0.814453125 0.5465494796875 0.81787109375 0.5455729171875 0.821533203125 0.5419921875 0.82421875 0.5299479171875 0.8291015625 0.4602864578125 0.82861328125 0.4521484375 0.824951171875 0.4446614578125 0.818115234375 0.4407552078125 0.754150390625 0.4430338546875 0.745361328125 0.4456380203125 0.7431640625 0.4488932296875 0.742431640625 0.4524739578125 0.742431640625 0.5009765625 0.74072265625 0.5374348953125 0.741455078125 0.5432942703125 0.744873046875 0.5481770828125
12 0.789794921875 0.6608072921875 0.794189453125 0.6552734375 0.8173828125 0.5986328125 0.8203125 0.5885416671875 0.8203125 0.5833333328125 0.818603515625 0.5777994796875 0.816162109375 0.57421875 0.80615234375 0.5667317703125 0.762451171875 0.5511067703125 0.749267578125 0.5498046875 0.74462890625 0.55078125 0.737548828125 0.5686848953125 0.73486328125 0.5784505203125 0.734375 0.5940755203125 0.721923828125 0.6302083328125 0.72216796875 0.6354166671875 0.727294921875 0.6412760421875 0.78271484375 0.662109375 0.789794921875 0.6608072921875
12 0.703369140625 0.6676432296875 0.70703125 0.6653645828125 0.713623046875 0.6539713546875 0.732177734375 0.599609375 0.733642578125 0.5921223953125 0.732666015625 0.5849609375 0.727783203125 0.578125 0.720458984375 0.5745442703125 0.674560546875 0.5563151046875 0.664794921875 0.5533854171875 0.663330078125 0.5540364578125 0.659423828125 0.55859375 0.647216796875 0.6048177078125 0.638427734375 0.6315104171875 0.638671875 0.6402994796875 0.642822265625 0.6448567703125 0.696044921875 0.6666666671875 0.703369140625 0.6676432296875
12 0.338134765625 0.6559244796875 0.345458984375 0.65625 0.3486328125 0.658203125 0.383544921875 0.6617838546875 0.39404296875 0.662109375 0.40234375 0.6578776046875 0.400634765625 0.64898014375 0.399169921875 0.5849609375 0.3984375 0.5836588546875 0.39453125 0.5810546875 0.369384765625 0.578125 0.365234375 0.5755208328125 0.360595703125 0.5696614578125 0.347412109375 0.5680338546875 0.3349609375 0.5690104171875 0.3310546875 0.5725911453125 0.32763671875 0.5804036453125 0.33056640625 0.6334635421875 0.33203125 0.6471354171875 0.333740234375 0.6529947921875 0.338134765625 0.6559244796875
12 0.487548828125 0.2060546875 0.490234375 0.2109375 0.495849609375 0.21712239531250002 0.50048828125 0.21712239531250002 0.505126953125 0.21419270781250002 0.558349609375 0.166015625 0.565185546875 0.1588541671875 0.567138671875 0.154296875 0.567138671875 0.1471354171875 0.564453125 0.1402994796875 0.5302734375 0.064453125 0.52587890625 0.0556640625 0.5224609375 0.05240885468749999 0.515625 0.05338541718749999 0.5078125 0.06022135468749999 0.4541015625 0.1123046875 0.451171875 0.1168619796875 0.4501953125 0.1197916671875 0.450439453125 0.1266276046875 0.456298828125 0.1402994796875 0.487548828125 0.2060546875
19 0.279052734375 0.5520833328125 0.32421875 0.5615234375 0.335693359375 0.5618489578125 0.339599609375 0.5589192703125 0.342041015625 0.5520833328125 0.343505859375 0.5377604171875 0.3447265625 0.4765625 0.342529296875 0.4697265625 0.33837890625 0.466796875 0.328369140625 0.4641927078125 0.282958984375 0.4573567703125 0.275390625 0.4596354171875 0.26904296875 0.4635416671875 0.26806640625 0.4654947921875 0.268310546875 0.537109375 0.26904296875 0.5426432296875 0.27197265625 0.5485026046875 0.279052734375 0.5520833328125
19 0.181884765625 0.6041666671875 0.1923828125 0.6028645828125 0.233642578125 0.5882161453125 0.2412109375 0.5810546875 0.24462890625 0.5745442703125 0.243896484375 0.5673828125 0.2314453125 0.5322265625 0.220947265625 0.50390625 0.216796875 0.4977213546875 0.210693359375 0.4973958328125 0.16796875 0.5133463546875 0.154541015625 0.5221354171875 0.15185546875 0.5266927078125 0.1513671875 0.5299479171875 0.154296875 0.5393880203125 0.177734375 0.5992838546875 0.181884765625 0.6041666671875
7 0.59228515625 0.7076822921875 0.60205078125 0.7099609375 0.610107421875 0.708984375 0.615234375 0.6998697921875 0.6181640625 0.6904296875 0.629150390625 0.6474609375 0.63037109375 0.6402994796875 0.6298828125 0.6334635421875 0.62255859375 0.6295572921875 0.60009765625 0.6236979171875 0.57080078125 0.6139322921875 0.566650390625 0.6097005203125 0.56103515625 0.6100260421875 0.559326171875 0.6119791671875 0.556884765625 0.6197916671875 0.54443359375 0.6787109375 0.54443359375 0.6865234375 0.54638671875 0.6907552078125 0.54931640625 0.6927083328125 0.59228515625 0.7076822921875
7 0.497802734375 0.7630208328125 0.5048828125 0.7630208328125 0.50732421875 0.7607421875 0.510009765625 0.7548828125 0.521728515625 0.7024739578125 0.523193359375 0.6891276046875 0.5185546875 0.6858723953125 0.485107421875 0.6793619796875 0.463623046875 0.6692708328125 0.456787109375 0.6712239578125 0.454833984375 0.6731770828125 0.453125 0.6787109375 0.443115234375 0.7314453125 0.44287109375 0.73828125 0.44384765625 0.7415364578125 0.448486328125 0.7451171875 0.497802734375 0.7630208328125
7 0.321044921875 0.7757161453125 0.327880859375 0.7734375 0.33935546875 0.7666015625 0.3662109375 0.7483723953125 0.370361328125 0.7412109375 0.369140625 0.7356770828125 0.361572265625 0.7249348953125 0.3623046875 0.7132161453125 0.361328125 0.7102864578125 0.353515625 0.6988932296875 0.342041015625 0.6783854171875 0.33544921875 0.6725260421875 0.32421875 0.6800130203125 0.3134765625 0.6845703125 0.292724609375 0.6982421875 0.288330078125 0.703125 0.282958984375 0.7135416671875 0.282958984375 0.7174479171875 0.289794921875 0.7314453125 0.31396484375 0.76953125 0.321044921875 0.7757161453125
8 0.376708984375 0.5787760421875 0.42236328125 0.5817057296875 0.429443359375 0.5810546875 0.434326171875 0.5774739578125 0.437255859375 0.5706380203125 0.437744140625 0.5625 0.436767578125 0.494140625 0.434814453125 0.4873046875 0.431884765625 0.4853515625 0.4228515625 0.4850260421875 0.4013671875 0.4886067703125 0.39697265625 0.4879557296875 0.386474609375 0.482421875 0.370361328125 0.4817708328125 0.362060546875 0.4873046875 0.360107421875 0.4912109375 0.359619140625 0.5091145828125 0.363037109375 0.5677083328125 0.367431640625 0.576171875 0.376708984375 0.5787760421875
8 0.55029296875 0.7757161453125 0.56689453125 0.7805989578125 0.574462890625 0.78125 0.578369140625 0.7776692703125 0.580810546875 0.76953125 0.591796875 0.7210286453125 0.592529296875 0.7106119796875 0.588623046875 0.70703125 0.57177734375 0.7018229171875 0.5400390625 0.6888020828125 0.52587890625 0.6888020828125 0.523681640625 0.6940104171875 0.512451171875 0.7496744796875 0.51220703125 0.7584635421875 0.51318359375 0.76171875 0.51513671875 0.763671875 0.55029296875 0.7757161453125
9 0.3974609375 0.4876302078125 0.407470703125 0.4866536453125 0.434814453125 0.4736328125 0.455322265625 0.4632161453125 0.46044921875 0.4596354171875 0.46337890625 0.455078125 0.464599609375 0.4498697921875 0.46337890625 0.4401041671875 0.43994140625 0.3704427078125 0.435546875 0.3639322921875 0.4287109375 0.3645833328125 0.415771484375 0.3697916671875 0.371826171875 0.3958333328125 0.3662109375 0.4020182296875 0.3662109375 0.4078776046875 0.38720703125 0.466796875 0.393310546875 0.482421875 0.3974609375 0.4876302078125
8 0.219482421875 0.3642578125 0.224853515625 0.365234375 0.23095703125 0.3623046875 0.237548828125 0.3518880203125 0.259765625 0.3108723953125 0.26806640625 0.2932942703125 0.2685546875 0.2890625 0.266357421875 0.283203125 0.26220703125 0.2779947921875 0.217529296875 0.22688802031250002 0.2109375 0.22200520781250002 0.2060546875 0.2216796875 0.20166015625 0.22298177031250002 0.196044921875 0.22786458281250002 0.164306640625 0.2936197921875 0.163818359375 0.3033854171875 0.168212890625 0.3111979171875 0.213134765625 0.359375 0.219482421875 0.3642578125
19 0.138671875 0.4283854171875 0.144287109375 0.4342447921875 0.151123046875 0.4339192703125 0.19580078125 0.4137369796875 0.203369140625 0.4085286453125 0.20654296875 0.4049479171875 0.20849609375 0.400390625 0.208740234375 0.3938802078125 0.207275390625 0.3893229171875 0.18798828125 0.337890625 0.171142578125 0.3157552078125 0.16455078125 0.3154296875 0.112548828125 0.3414713546875 0.1083984375 0.3460286453125 0.10791015625 0.3489583328125 0.109375 0.3557942703125 0.133544921875 0.4166666671875 0.138671875 0.4283854171875
11 0.48779296875 0.6790364578125 0.527587890625 0.6865234375 0.537109375 0.6858723953125 0.54150390625 0.681640625 0.5439453125 0.6604817703125 0.54443359375 0.6435546875 0.548828125 0.6158854171875 0.548583984375 0.6090494796875 0.546630859375 0.6067708328125 0.539794921875 0.6044921875 0.5361328125 0.6048177078125 0.529296875 0.6022135421875 0.525634765625 0.6025390625 0.512939453125 0.5986328125 0.50341796875 0.5973307296875 0.5 0.595703125 0.4912109375 0.5859375 0.484619140625 0.5856119796875 0.480712890625 0.5882161453125 0.47705078125 0.5989583328125 0.471435546875 0.6604817703125 0.47119140625 0.6682942703125 0.473876953125 0.6728515625 0.4775390625 0.67578125 0.48779296875 0.6790364578125
11 0.41845703125 0.7633463546875 0.422607421875 0.7591145828125 0.4443359375 0.7141927078125 0.447265625 0.7047526046875 0.448486328125 0.6959635421875 0.44580078125 0.6891276046875 0.44189453125 0.6852213546875 0.4150390625 0.6673177078125 0.401123046875 0.6614583328125 0.386962890625 0.6624348953125 0.384033203125 0.6647135421875 0.372314453125 0.697265625 0.363037109375 0.7177734375 0.36328125 0.7272135421875 0.3671875 0.7317708328125 0.411376953125 0.76171875 0.41845703125 0.7633463546875
11 0.45556640625 0.6682942703125 0.466796875 0.6673177078125 0.4697265625 0.6650390625 0.470947265625 0.6588541671875 0.47265625 0.6315104171875 0.472900390625 0.5862630203125 0.47216796875 0.5810546875 0.470458984375 0.5777994796875 0.46435546875 0.576171875 0.438720703125 0.5745442703125 0.432861328125 0.5807291671875 0.429443359375 0.5823567703125 0.403076171875 0.5817057296875 0.401123046875 0.5830078125 0.399658203125 0.5904947921875 0.401123046875 0.6565755203125 0.40234375 0.6598307296875 0.4111328125 0.6640625 0.45556640625 0.6682942703125