8 0.4915364578125 0.519287109375 0.4947916671875 0.5185546875 0.4986979171875 0.515625 0.5126953125 0.50244140625 0.5485026046875 0.463623046875 0.5556640625 0.453125 0.5559895828125 0.446044921875 0.5530598953125 0.442138671875 0.5380859375 0.434814453125 0.4996744796875 0.4169921875 0.4873046875 0.412353515625 0.4775390625 0.406982421875 0.462890625 0.40234375 0.4586588546875 0.403564453125 0.453125 0.407958984375 0.4039713546875 0.459716796875 0.3984375 0.46728515625 0.3981119796875 0.473876953125 0.4078776046875 0.4814453125 0.4739583328125 0.5126953125 0.4915364578125 0.519287109375
19 0.5149739578125 0.274658203125 0.5924479171875 0.275390625 0.6087239578125 0.27490234375 0.6155598953125 0.27197265625 0.619140625 0.259765625 0.6184895828125 0.225830078125 0.6171875 0.199462890625 0.6162109375 0.196044921875 0.6129557296875 0.193115234375 0.5865885421875 0.19091796875 0.5169270828125 0.191650390625 0.5087890625 0.194091796875 0.5068359375 0.2021484375 0.5065104171875 0.265869140625 0.5074869796875 0.27001953125 0.5100911453125 0.27294921875 0.5149739578125 0.274658203125
19 0.3619791671875 0.589599609375 0.3704427078125 0.588623046875 0.4215494796875 0.55908203125 0.4475911453125 0.54052734375 0.4547526046875 0.533203125 0.4537760421875 0.529296875 0.4479166671875 0.522216796875 0.4137369796875 0.490478515625 0.3951822921875 0.4736328125 0.388671875 0.46923828125 0.3841145828125 0.4677734375 0.3795572921875 0.4677734375 0.369140625 0.471923828125 0.3225911453125 0.498046875 0.294921875 0.514892578125 0.2900390625 0.52099609375 0.2926432296875 0.527099609375 0.3274739578125 0.560791015625 0.3522135421875 0.584228515625 0.3619791671875 0.589599609375
7 0.5751953125 0.58447265625 0.5813802078125 0.585205078125 0.5885416671875 0.583251953125 0.6442057296875 0.528564453125 0.6520182296875 0.51904296875 0.6520182296875 0.5146484375 0.6490885421875 0.510498046875 0.6018880203125 0.48291015625 0.5849609375 0.4755859375 0.568359375 0.4658203125 0.564453125 0.46435546875 0.5592447921875 0.464111328125 0.5520833328125 0.466796875 0.4915364578125 0.523193359375 0.4892578125 0.52685546875 0.4892578125 0.533447265625 0.5006510421875 0.54150390625 0.5699869796875 0.58251953125 0.5751953125 0.58447265625
7 0.8310546875 0.543701171875 0.8404947921874999 0.54736328125 0.8453776046874999 0.5478515625 0.8561197921874999 0.544677734375 0.8629557296874999 0.539306640625 0.9127604171874999 0.4853515625 0.9153645828125001 0.48046875 0.9153645828125001 0.476806640625 0.9111328125 0.47216796875 0.9013671875 0.466552734375 0.8330078125 0.43017578125 0.828125 0.42822265625 0.8206380203125001 0.427734375 0.8138020828125001 0.43017578125 0.8037109375 0.43896484375 0.7623697921875 0.48046875 0.7509765625 0.493896484375 0.7506510421875 0.498291015625 0.759765625 0.505126953125 0.78125 0.515869140625 0.8310546875 0.543701171875
10 0.5960286453125 0.681884765625 0.6044921875 0.685791015625 0.6162109375 0.68310546875 0.685546875 0.659423828125 0.7060546875 0.65185546875 0.7119140625 0.647705078125 0.712890625 0.6435546875 0.7106119796875 0.637451171875 0.671875 0.577880859375 0.6611328125 0.564453125 0.6549479171875 0.5634765625 0.6507161453125 0.56396484375 0.6097005203125 0.576904296875 0.5670572921875 0.591552734375 0.552734375 0.59765625 0.55078125 0.6005859375 0.5511067703125 0.605712890625 0.5550130203125 0.613525390625 0.5940755203125 0.679443359375 0.5960286453125 0.681884765625
11 0.4811197921875 0.654296875 0.4876302078125 0.65234375 0.4928385421875 0.648193359375 0.546875 0.598876953125 0.5576171875 0.586181640625 0.5579427078125 0.581298828125 0.5537109375 0.576904296875 0.4993489578125 0.542724609375 0.4772135421875 0.53076171875 0.4703776046875 0.5283203125 0.466796875 0.5283203125 0.455078125 0.53466796875 0.3961588546875 0.5869140625 0.390625 0.59375 0.3912760421875 0.598388671875 0.3968098953125 0.60302734375 0.4720052078125 0.651123046875 0.4811197921875 0.654296875
11 0.3583984375 0.771728515625 0.38671875 0.774658203125 0.4241536453125 0.780517578125 0.4339192703125 0.7802734375 0.4596354171875 0.78369140625 0.4736328125 0.782958984375 0.4778645828125 0.779296875 0.4811197921875 0.7685546875 0.4951171875 0.697021484375 0.4957682296875 0.688720703125 0.4944661453125 0.6865234375 0.4912109375 0.68408203125 0.4869791671875 0.682861328125 0.4052734375 0.6728515625 0.3792317703125 0.671142578125 0.3723958328125 0.673095703125 0.3681640625 0.677490234375 0.3665364578125 0.682373046875 0.3483072921875 0.759765625 0.3483072921875 0.76513671875 0.3505859375 0.7685546875 0.3522135421875 0.77001953125 0.3583984375 0.771728515625
11 0.05013020781250001 0.713623046875 0.05403645781250001 0.71728515625 0.05696614531250001 0.71826171875 0.06412760468749999 0.718017578125 0.1702473953125 0.702880859375 0.1796875 0.699462890625 0.1822916671875 0.69677734375 0.1832682296875 0.689208984375 0.171875 0.616943359375 0.1702473953125 0.6123046875 0.1653645828125 0.60888671875 0.1507161453125 0.60693359375 0.109375 0.612548828125 0.05013020781250001 0.621826171875 0.0426432296875 0.6240234375 0.0390625 0.627685546875 0.0393880203125 0.64794921875 0.0462239578125 0.69677734375 0.048828125 0.71044921875 0.05013020781250001 0.713623046875
12 0.3763020828125 0.38720703125 0.4267578125 0.38720703125 0.4609375 0.386962890625 0.4661458328125 0.386474609375 0.4710286453125 0.384521484375 0.4733072921875 0.376708984375 0.4736328125 0.316162109375 0.4733072921875 0.30712890625 0.4700520828125 0.300537109375 0.4602864578125 0.298828125 0.3694661453125 0.29931640625 0.3626302078125 0.301513671875 0.3580729171875 0.30712890625 0.3561197921875 0.32275390625 0.3551432296875 0.3740234375 0.3580729171875 0.38037109375 0.3626302078125 0.38525390625 0.3763020828125 0.38720703125
12 0.5009765625 0.41650390625 0.5078125 0.417236328125 0.5211588546875 0.416259765625 0.5745442703125 0.409423828125 0.5960286453125 0.406005859375 0.6022135421875 0.404052734375 0.6061197921875 0.40087890625 0.6087239578125 0.394287109375 0.6080729171875 0.38671875 0.58984375 0.326904296875 0.5852864578125 0.3203125 0.5817057296875 0.31884765625 0.57421875 0.318603515625 0.4873046875 0.330810546875 0.48046875 0.33251953125 0.4755859375 0.337158203125 0.4759114578125 0.345458984375 0.4912109375 0.404541015625 0.4944661453125 0.411865234375 0.5009765625 0.41650390625
12 0.654296875 0.38818359375 0.6624348953125 0.391357421875 0.6819661453125 0.403564453125 0.7034505203125 0.420654296875 0.7096354171875 0.424072265625 0.7141927078125 0.425048828125 0.720703125 0.423583984375 0.7281901046875 0.418701171875 0.7828776046875 0.368896484375 0.787109375 0.36328125 0.7877604171875 0.358642578125 0.7858072921875 0.35546875 0.7799479171875 0.351318359375 0.7386067703125 0.327880859375 0.7076822921875 0.31201171875 0.7034505203125 0.310546875 0.6995442703125 0.310546875 0.6910807296875 0.314453125 0.6432291671875 0.354736328125 0.6328125 0.364990234375 0.6298828125 0.370361328125 0.6298828125 0.37646484375 0.6337890625 0.380615234375 0.6468098953125 0.38818359375 0.654296875 0.38818359375
9 0.2548828125 0.360595703125 0.2692057296875 0.360595703125 0.3349609375 0.357666015625 0.3486328125 0.356689453125 0.3531901046875 0.355224609375 0.3544921875 0.35302734375 0.3557942703125 0.33349609375 0.3551432296875 0.289794921875 0.3528645828125 0.27734375 0.3483072921875 0.2724609375 0.3313802078125 0.27099609375 0.2513020828125 0.27587890625 0.24446614531250002 0.277587890625 0.2421875 0.279541015625 0.240234375 0.29150390625 0.240234375 0.3466796875 0.2431640625 0.353271484375 0.2490234375 0.358642578125 0.2548828125 0.360595703125
3 0.6474609375 0.507568359375 0.6510416671875 0.507568359375 0.6559244796875 0.50537109375 0.7236328125 0.460205078125 0.7307942703125 0.45361328125 0.7320963546875 0.450439453125 0.7311197921875 0.4462890625 0.7281901046875 0.44287109375 0.7119140625 0.43017578125 0.7106119796875 0.427978515625 0.6891276046875 0.41357421875 0.6793619796875 0.404296875 0.6617838546875 0.392333984375 0.6578776046875 0.39013671875 0.6536458328125 0.3896484375 0.6500651046875 0.3896484375 0.6438802078125 0.391845703125 0.5774739578125 0.434326171875 0.5709635421875 0.439208984375 0.5690104171875 0.442626953125 0.5699869796875 0.4501953125 0.5797526046875 0.46044921875 0.6337890625 0.50048828125 0.6474609375 0.507568359375