13 0.203125 0.4143880203125 0.20947265625 0.4153645828125 0.21728515625 0.4124348953125 0.2548828125 0.3961588546875 0.2587890625 0.3938802078125 0.2607421875 0.390625 0.26025390625 0.3834635421875 0.24951171875 0.3408203125 0.24462890625 0.3245442703125 0.2421875 0.322265625 0.2373046875 0.322265625 0.222900390625 0.3274739578125 0.191650390625 0.3408203125 0.18701171875 0.3453776046875 0.185791015625 0.3525390625 0.188720703125 0.3665364578125 0.197998046875 0.404296875 0.203125 0.4143880203125
13 0.19873046875 0.5068359375 0.215087890625 0.5078125 0.217529296875 0.505859375 0.219482421875 0.5009765625 0.229736328125 0.4498697921875 0.23095703125 0.4391276046875 0.229736328125 0.4326171875 0.226806640625 0.427734375 0.2236328125 0.4261067703125 0.177490234375 0.4189453125 0.168212890625 0.419921875 0.163818359375 0.431640625 0.152099609375 0.4807942703125 0.151611328125 0.4886067703125 0.153076171875 0.494140625 0.1611328125 0.5 0.19873046875 0.5068359375
20 0.152587890625 0.67578125 0.1572265625 0.6774088546875 0.162109375 0.6761067703125 0.1796875 0.658203125 0.189453125 0.6474609375 0.21044921875 0.6194661453125 0.210205078125 0.6158854171875 0.207763671875 0.6103515625 0.176025390625 0.5621744796875 0.171630859375 0.5576171875 0.167236328125 0.5579427078125 0.156494140625 0.56640625 0.1162109375 0.6097005203125 0.11572265625 0.6158854171875 0.118896484375 0.623046875 0.1494140625 0.671875 0.152587890625 0.67578125
1 0.216552734375 0.7151692703125 0.2236328125 0.7135416671875 0.259033203125 0.6940104171875 0.2734375 0.685546875 0.280029296875 0.6790364578125 0.280517578125 0.673828125 0.279541015625 0.6689453125 0.2626953125 0.615234375 0.258544921875 0.6041666671875 0.255126953125 0.6005859375 0.24462890625 0.6031901046875 0.2236328125 0.6158854171875 0.197265625 0.6328125 0.19384765625 0.6383463546875 0.193603515625 0.6461588546875 0.20263671875 0.6790364578125 0.21240234375 0.7099609375 0.216552734375 0.7151692703125
13 0.219482421875 0.6155598953125 0.227294921875 0.6126302078125 0.262939453125 0.5930989578125 0.2763671875 0.5771484375 0.2783203125 0.5719401046875 0.27392578125 0.5563151046875 0.25634765625 0.5100911453125 0.251953125 0.5055338546875 0.24462890625 0.5074869796875 0.223388671875 0.5208333328125 0.197509765625 0.5387369796875 0.193359375 0.5432942703125 0.19287109375 0.5501302078125 0.19921875 0.5690104171875 0.215576171875 0.6126302078125 0.219482421875 0.6155598953125
18 0.276611328125 0.5540364578125 0.279541015625 0.5550130203125 0.287109375 0.5520833328125 0.328125 0.5276692703125 0.3330078125 0.5221354171875 0.333740234375 0.5188802078125 0.33251953125 0.5130208328125 0.315185546875 0.4635416671875 0.310546875 0.4534505203125 0.30712890625 0.4505208328125 0.30029296875 0.4521484375 0.261962890625 0.4736328125 0.2529296875 0.4798177078125 0.251220703125 0.482421875 0.25146484375 0.4915364578125 0.261474609375 0.5227864578125 0.27099609375 0.5472005203125 0.276611328125 0.5540364578125
0 0.34619140625 0.5345052078125 0.349853515625 0.533203125 0.394287109375 0.5081380203125 0.397705078125 0.5048828125 0.3984375 0.4944661453125 0.395751953125 0.4856770828125 0.379150390625 0.4384765625 0.373046875 0.4319661453125 0.369384765625 0.4326171875 0.32470703125 0.4560546875 0.320068359375 0.4593098953125 0.317626953125 0.4635416671875 0.318359375 0.4703776046875 0.337158203125 0.5260416671875 0.341796875 0.5338541671875 0.34619140625 0.5345052078125
1 0.310302734375 0.6572265625 0.314208984375 0.6572265625 0.31982421875 0.6507161453125 0.328125 0.63671875 0.350341796875 0.5924479171875 0.352294921875 0.5849609375 0.347900390625 0.5777994796875 0.3076171875 0.5419921875 0.30322265625 0.541015625 0.299560546875 0.54296875 0.289306640625 0.556640625 0.264404296875 0.5963541671875 0.26220703125 0.6028645828125 0.262451171875 0.6097005203125 0.26416015625 0.6139322921875 0.307373046875 0.6552734375 0.310302734375 0.6572265625
0 0.37890625 0.6689453125 0.386962890625 0.673828125 0.390380859375 0.673828125 0.39404296875 0.6708984375 0.407958984375 0.6409505203125 0.419921875 0.6123046875 0.42333984375 0.6022135421875 0.42333984375 0.5989583328125 0.418701171875 0.5921223953125 0.4130859375 0.5875651046875 0.379638671875 0.5638020828125 0.369384765625 0.5598958328125 0.36474609375 0.5634765625 0.33740234375 0.619140625 0.334716796875 0.6272786453125 0.33447265625 0.6305338546875 0.33642578125 0.6363932296875 0.342041015625 0.6416015625 0.37890625 0.6689453125
20 0.365966796875 0.7763671875 0.37158203125 0.7688802078125 0.3828125 0.7418619796875 0.3974609375 0.7024739578125 0.398193359375 0.6959635421875 0.3955078125 0.6904296875 0.390869140625 0.685546875 0.35205078125 0.6604817703125 0.341552734375 0.65625 0.338134765625 0.658203125 0.335205078125 0.6624348953125 0.307373046875 0.7272135421875 0.30712890625 0.7356770828125 0.31201171875 0.7418619796875 0.362060546875 0.7766927078125 0.365966796875 0.7763671875
17 0.220458984375 0.8229166671874999 0.22802734375 0.8238932296874999 0.233154296875 0.8212890625 0.2802734375 0.7828776046875 0.283935546875 0.7789713546875 0.285400390625 0.7750651046875 0.283935546875 0.7666015625 0.26611328125 0.7197265625 0.255126953125 0.697265625 0.2470703125 0.6985677078125 0.22021484375 0.716796875 0.194580078125 0.7376302078125 0.19140625 0.7434895828125 0.192138671875 0.7529296875 0.2099609375 0.8037109375 0.216552734375 0.8196614578125001 0.220458984375 0.8229166671874999
9 0.435546875 0.7281901046875 0.477294921875 0.6949869796875 0.4892578125 0.6806640625 0.489501953125 0.6748046875 0.483642578125 0.6611328125 0.458251953125 0.6126302078125 0.453125 0.6087239578125 0.447998046875 0.6110026046875 0.404296875 0.6481119796875 0.4013671875 0.6549479171875 0.401123046875 0.6608072921875 0.4052734375 0.6708984375 0.429443359375 0.720703125 0.435546875 0.7281901046875
4 0.46337890625 0.8173828125 0.466796875 0.8177083328125001 0.484375 0.8040364578125001 0.512939453125 0.7796223953125 0.51904296875 0.7734375 0.521240234375 0.7688802078125 0.519287109375 0.7578125 0.492431640625 0.6985677078125 0.48828125 0.693359375 0.484375 0.6917317703125 0.46630859375 0.705078125 0.4365234375 0.7301432296875 0.4306640625 0.7389322921875 0.431396484375 0.7464192703125 0.4423828125 0.7731119796875 0.458984375 0.8108723953125001 0.46337890625 0.8173828125
16 0.54345703125 0.7607421875 0.5634765625 0.7672526046875 0.570068359375 0.7688802078125 0.575439453125 0.7679036453125 0.578369140625 0.7639973953125 0.58056640625 0.7548828125 0.59033203125 0.685546875 0.58740234375 0.6803385421875 0.5810546875 0.6764322921875 0.54296875 0.6634114578125 0.529296875 0.6604817703125 0.52490234375 0.666015625 0.513916015625 0.7291666671875 0.513427734375 0.7415364578125 0.51513671875 0.7464192703125 0.519287109375 0.7503255203125 0.54345703125 0.7607421875
18 0.60107421875 0.6819661453125 0.6064453125 0.6806640625 0.609619140625 0.6754557296875 0.611572265625 0.6653645828125 0.61572265625 0.6064453125 0.61474609375 0.5986328125 0.607666015625 0.59375 0.572021484375 0.5843098953125 0.561767578125 0.58203125 0.554931640625 0.5833333328125 0.552734375 0.5869140625 0.551025390625 0.5950520828125 0.545166015625 0.6500651046875 0.544921875 0.6611328125 0.549072265625 0.6647135421875 0.592041015625 0.6803385421875 0.60107421875 0.6819661453125
18 0.488037109375 0.5647786453125 0.501220703125 0.5673828125 0.509521484375 0.5657552078125 0.5263671875 0.5764973953125 0.535888671875 0.5771484375 0.541259765625 0.5725911453125 0.542724609375 0.5673828125 0.5517578125 0.5016276046875 0.546630859375 0.4954427078125 0.497802734375 0.4798177078125 0.493408203125 0.4820963546875 0.490234375 0.4873046875 0.484130859375 0.5221354171875 0.479736328125 0.5520833328125 0.48046875 0.5572916671875 0.48291015625 0.5615234375 0.488037109375 0.5647786453125
11 0.4462890625 0.6100260421875 0.452880859375 0.6070963546875 0.45458984375 0.6044921875 0.474609375 0.5602213546875 0.479736328125 0.5465494796875 0.480224609375 0.5393880203125 0.478515625 0.5354817703125 0.4736328125 0.5309244796875 0.435791015625 0.5035807296875 0.4287109375 0.5016276046875 0.4248046875 0.5045572921875 0.422607421875 0.5081380203125 0.40185546875 0.5498046875 0.39599609375 0.564453125 0.395751953125 0.5696614578125 0.397705078125 0.5745442703125 0.425048828125 0.5963541671875 0.4462890625 0.6100260421875
1 0.400634765625 0.5045572921875 0.403564453125 0.5100911453125 0.408203125 0.5104166671875 0.418701171875 0.5071614578125 0.4297687984375 0.5003255203125 0.4365234375 0.501953125 0.439208984375 0.5042317703125 0.442626953125 0.5035807296875 0.457275390625 0.4983723953125 0.4609375 0.4944661453125 0.462158203125 0.4908854171875 0.46142578125 0.4814453125 0.453369140625 0.4345703125 0.4501953125 0.423828125 0.4462890625 0.4212239578125 0.4423828125 0.4208984375 0.39892578125 0.4306640625 0.393798828125 0.4329427078125 0.391845703125 0.435546875 0.391845703125 0.4436848953125 0.395751953125 0.4739583328125 0.399658203125 0.4915364578125 0.400634765625 0.5045572921875
7 0.537841796875 0.8766276046874999 0.54638671875 0.8772786453125001 0.593017578125 0.8662109375 0.602294921875 0.86328125 0.60498046875 0.8597005203125001 0.605712890625 0.8522135421874999 0.599365234375 0.8037109375 0.59326171875 0.7731119796875 0.591064453125 0.7692057296875 0.584228515625 0.7679036453125 0.5537109375 0.7734375 0.52978515625 0.7805989578125 0.525634765625 0.78515625 0.52587890625 0.80078125 0.533447265625 0.8626302078125001 0.535400390625 0.873046875 0.537841796875 0.8766276046874999
7 0.60595703125 0.814453125 0.61279296875 0.81640625 0.665283203125 0.7981770828125 0.668212890625 0.796875 0.671142578125 0.7932942703125 0.671630859375 0.7858072921875 0.66015625 0.7281901046875 0.656494140625 0.716796875 0.652099609375 0.7080078125 0.647216796875 0.7060546875 0.595458984375 0.72265625 0.592041015625 0.7252604171875 0.589599609375 0.7301432296875 0.58935546875 0.7366536453125 0.592529296875 0.7552083328125 0.604248046875 0.8108723953125001 0.60595703125 0.814453125
4 0.6611328125 0.7262369796875 0.67626953125 0.7483723953125 0.681884765625 0.7522786453125 0.685546875 0.751953125 0.689453125 0.7493489578125 0.701171875 0.7350260421875 0.72119140625 0.7080078125 0.727783203125 0.6959635421875 0.726806640625 0.689453125 0.72265625 0.6806640625 0.685546875 0.6328125 0.681640625 0.6328125 0.67724609375 0.6357421875 0.638916015625 0.6845703125 0.638671875 0.6904296875 0.643310546875 0.69921875 0.654052734375 0.7096354171875 0.6611328125 0.7262369796875
0 0.718994140625 0.6731770828125 0.74755859375 0.6959635421875 0.75537109375 0.6975911453125 0.7587890625 0.6962890625 0.7607421875 0.6936848953125 0.764404296875 0.6852213546875 0.7783203125 0.6412760421875 0.78125 0.6259765625 0.77978515625 0.6220703125 0.773193359375 0.6162109375 0.731689453125 0.5872395828125 0.727294921875 0.5859375 0.72412109375 0.5875651046875 0.720458984375 0.5921223953125 0.7060546875 0.6321614578125 0.701416015625 0.6471354171875 0.701416015625 0.6510416671875 0.703369140625 0.6549479171875 0.718994140625 0.6731770828125
0 0.644287109375 0.64453125 0.648681640625 0.6448567703125 0.686767578125 0.6292317703125 0.699951171875 0.6207682296875 0.703125 0.6158854171875 0.7021484375 0.6090494796875 0.689697265625 0.572265625 0.680419921875 0.546875 0.67822265625 0.5442708328125 0.671630859375 0.5439453125 0.626708984375 0.5621744796875 0.6240234375 0.564453125 0.62109375 0.5706380203125 0.62158203125 0.5777994796875 0.635986328125 0.6259765625 0.640625 0.6396484375 0.644287109375 0.64453125
17 0.566650390625 0.58203125 0.59619140625 0.5904947921875 0.602294921875 0.5914713546875 0.60546875 0.5904947921875 0.607666015625 0.5823567703125 0.613525390625 0.529296875 0.611328125 0.517578125 0.60986328125 0.5149739578125 0.605712890625 0.5126953125 0.5615234375 0.5009765625 0.55419921875 0.501953125 0.55078125 0.5094401046875 0.543212890625 0.5706380203125 0.54345703125 0.578125 0.545654296875 0.5817057296875 0.549560546875 0.5833333328125 0.566650390625 0.58203125
17 0.612060546875 0.5166015625 0.614990234375 0.5266927078125 0.6298828125 0.54296875 0.63427734375 0.5452473953125 0.63818359375 0.5436197921875 0.645263671875 0.5341796875 0.6650390625 0.5013020828125 0.671630859375 0.4876302078125 0.671630859375 0.484375 0.6669921875 0.4772135421875 0.65087890625 0.4602864578125 0.647216796875 0.4580078125 0.6298828125 0.4410807296875 0.625244140625 0.4397786453125 0.623046875 0.4404296875 0.6201171875 0.4440104171875 0.596435546875 0.4807942703125 0.5908203125 0.4918619796875 0.59033203125 0.4986979171875 0.59521484375 0.5065104171875 0.6103515625 0.5143229171875 0.612060546875 0.5166015625
4 0.57763671875 0.5048828125 0.58154296875 0.5045572921875 0.583740234375 0.501953125 0.58642578125 0.4934895828125 0.59228515625 0.4388020828125 0.58984375 0.4339192703125 0.585205078125 0.4306640625 0.543212890625 0.4195963546875 0.536376953125 0.419921875 0.533447265625 0.4251302078125 0.52490234375 0.4742838546875 0.5244140625 0.4876302078125 0.547607421875 0.4951171875 0.55419921875 0.4993489578125 0.57763671875 0.5048828125
7 0.49462890625 0.4749348953125 0.498291015625 0.4772135421875 0.501708984375 0.4772135421875 0.50634765625 0.4736328125 0.517822265625 0.4498697921875 0.531005859375 0.4270833328125 0.533935546875 0.4182942703125 0.53271484375 0.4137369796875 0.52978515625 0.4095052078125 0.4912109375 0.3776041671875 0.486572265625 0.376953125 0.484130859375 0.3779296875 0.479736328125 0.3837890625 0.455078125 0.4254557296875 0.454345703125 0.4283854171875 0.4541015625 0.4322916671875 0.45654296875 0.4401041671875 0.465576171875 0.4495442703125 0.49462890625 0.4749348953125
12 0.4912109375 0.6793619796875 0.494384765625 0.6819661453125 0.5009765625 0.6790364578125 0.54248046875 0.6412760421875 0.546142578125 0.6334635421875 0.543701171875 0.6223958328125 0.53759765625 0.6129557296875 0.52978515625 0.5960286453125 0.51708984375 0.5732421875 0.51416015625 0.5686848953125 0.51123046875 0.5670572921875 0.50830078125 0.5667317703125 0.503662109375 0.5693359375 0.46240234375 0.6048177078125 0.4599609375 0.6090494796875 0.459716796875 0.6129557296875 0.466064453125 0.6272786453125 0.4892578125 0.6722005203125 0.4912109375 0.6793619796875
9 0.394287109375 0.4235026046875 0.398193359375 0.421875 0.4013671875 0.4186197921875 0.429443359375 0.3821614578125 0.43212890625 0.3763020828125 0.433349609375 0.3688151046875 0.432861328125 0.3658854171875 0.429931640625 0.3616536453125 0.414794921875 0.3463541671875 0.40673828125 0.3349609375 0.394775390625 0.3258463546875 0.389892578125 0.3248697921875 0.38623046875 0.3271484375 0.370361328125 0.3460286453125 0.352783203125 0.3697916671875 0.3525390625 0.3763020828125 0.355712890625 0.3834635421875 0.390625 0.4222005203125 0.394287109375 0.4235026046875
6 0.326416015625 0.3736979171875 0.330810546875 0.3753255203125 0.3349609375 0.375 0.338623046875 0.37109375 0.347900390625 0.3486328125 0.353271484375 0.3385416671875 0.359375 0.322265625 0.360107421875 0.3121744796875 0.357666015625 0.306640625 0.35205078125 0.3017578125 0.315185546875 0.2825520828125 0.310546875 0.2809244796875 0.306884765625 0.2815755203125 0.30322265625 0.2864583328125 0.30126953125 0.2926432296875 0.2900390625 0.3141276046875 0.281494140625 0.3346354171875 0.28076171875 0.3388671875 0.281982421875 0.3453776046875 0.286865234375 0.3522135421875 0.326416015625 0.3736979171875
12 0.3349609375 0.2880859375 0.36279296875 0.2763671875 0.375 0.2698567703125 0.377197265625 0.2652994796875 0.37646484375 0.2548828125 0.3603515625 0.20833333281250002 0.356689453125 0.2041015625 0.350830078125 0.20475260468749998 0.337890625 0.20930989531250002 0.314208984375 0.21940104218749998 0.307373046875 0.22330729218749998 0.305908203125 0.22623697968749998 0.306884765625 0.234375 0.32080078125 0.2828776046875 0.327392578125 0.2884114578125 0.3349609375 0.2880859375
0 0.41162109375 0.21419270781250002 0.4130859375 0.2099609375 0.424560546875 0.1927083328125 0.432861328125 0.1832682296875 0.436279296875 0.1744791671875 0.437744140625 0.1647135421875 0.436767578125 0.1611328125 0.432861328125 0.1572265625 0.401123046875 0.13671875 0.393310546875 0.1344401046875 0.390380859375 0.1357421875 0.386474609375 0.1416015625 0.369873046875 0.1689453125 0.365966796875 0.177734375 0.365966796875 0.1858723953125 0.36962890625 0.193359375 0.407958984375 0.21809895781250002 0.41162109375 0.21419270781250002
6 0.761474609375 0.8255208328125001 0.767333984375 0.8264973953125001 0.78466796875 0.8212890625 0.819580078125 0.8082682296874999 0.824462890625 0.8037109375 0.8251953125 0.7965494796875 0.82275390625 0.7864583328125 0.80859375 0.7373046875 0.803466796875 0.7216796875 0.80078125 0.7180989578125 0.792724609375 0.7180989578125 0.75146484375 0.7320963546875 0.7412109375 0.7376302078125 0.73828125 0.7412109375 0.73828125 0.7477213546875 0.755126953125 0.8115234375 0.758056640625 0.8209635421874999 0.761474609375 0.8255208328125001
7 0.84130859375 0.8323567703125001 0.845458984375 0.8369140625 0.85302734375 0.8375651046874999 0.85888671875 0.8349609375 0.89404296875 0.8050130203125001 0.90087890625 0.7965494796875 0.8994140625 0.7877604171875 0.892822265625 0.7724609375 0.867919921875 0.7236328125 0.86376953125 0.7197265625 0.859130859375 0.7190755203125 0.84814453125 0.7262369796875 0.82470703125 0.7444661453125 0.8154296875 0.7545572921875 0.8154296875 0.7587890625 0.825927734375 0.7926432296875 0.82763671875 0.8037109375 0.84130859375 0.8323567703125001
13 0.81884765625 0.7141927078125 0.82421875 0.7138671875 0.82958984375 0.7106119796875 0.852783203125 0.6780598953125 0.859375 0.66796875 0.8623046875 0.6611328125 0.8623046875 0.6575520828125 0.860595703125 0.6533203125 0.850830078125 0.6389973953125 0.821044921875 0.6015625 0.817626953125 0.599609375 0.813720703125 0.6009114578125 0.809814453125 0.6051432296875 0.777099609375 0.6490885421875 0.776611328125 0.6578776046875 0.784912109375 0.6722005203125 0.81396484375 0.7109375 0.81884765625 0.7141927078125
0 0.80029296875 0.6155598953125 0.80615234375 0.6090494796875 0.80908203125 0.6022135421875 0.813720703125 0.5764973953125 0.819580078125 0.5540364578125 0.820068359375 0.5465494796875 0.818115234375 0.54296875 0.810302734375 0.5367838546875 0.7724609375 0.5133463546875 0.76416015625 0.5126953125 0.76220703125 0.5146484375 0.758544921875 0.5234375 0.744140625 0.5764973953125 0.744384765625 0.58203125 0.75 0.5882161453125 0.79345703125 0.6162109375 0.80029296875 0.6155598953125
18 0.72314453125 0.5048828125 0.754638671875 0.5107421875 0.765869140625 0.5110677078125 0.771240234375 0.5087890625 0.775390625 0.5013020828125 0.773681640625 0.4449869796875 0.771728515625 0.4378255203125 0.76806640625 0.4345703125 0.723388671875 0.42578125 0.7177734375 0.4267578125 0.714111328125 0.4309895828125 0.71240234375 0.4352213546875 0.711669921875 0.4632161453125 0.71142578125 0.4918619796875 0.7119140625 0.498046875 0.713623046875 0.5016276046875 0.72314453125 0.5048828125
13 0.87646484375 0.5244140625 0.880126953125 0.5240885421875 0.91845703125 0.505859375 0.9267578125 0.5 0.928466796875 0.4973958328125 0.9287109375 0.4938151046875 0.92529296875 0.4840494796875 0.906005859375 0.4407552078125 0.901123046875 0.4332682296875 0.8974609375 0.4322916671875 0.89404296875 0.4332682296875 0.86474609375 0.4456380203125 0.85546875 0.4508463546875 0.849609375 0.45703125 0.8486328125 0.4632161453125 0.8525390625 0.4739583328125 0.872314453125 0.5198567703125 0.87646484375 0.5244140625
4 0.899658203125 0.4306640625 0.90673828125 0.4313151046875 0.910888671875 0.4287109375 0.91552734375 0.4212239578125 0.927734375 0.3831380203125 0.9287109375 0.3763020828125 0.92626953125 0.3714192703125 0.91552734375 0.3623046875 0.888427734375 0.3430989578125 0.879638671875 0.3411458328125 0.876220703125 0.3440755203125 0.8701171875 0.3557942703125 0.857666015625 0.3932291671875 0.857421875 0.3974609375 0.858642578125 0.400390625 0.8681640625 0.408203125 0.899658203125 0.4306640625
0 0.8330078125 0.2952473953125 0.8388671875 0.2890625 0.841064453125 0.283203125 0.844482421875 0.23763020781250002 0.84228515625 0.23307291718749998 0.838134765625 0.23046875 0.80322265625 0.21712239531250002 0.796630859375 0.21647135468749998 0.79296875 0.220703125 0.78955078125 0.23079427031250002 0.784912109375 0.2685546875 0.784912109375 0.2757161453125 0.78955078125 0.2799479171875 0.828125 0.2955729171875 0.8330078125 0.2952473953125
10 0.762451171875 0.23958333281250002 0.765625 0.2353515625 0.768310546875 0.22819010468749998 0.77587890625 0.1923828125 0.7763671875 0.185546875 0.77392578125 0.1809895828125 0.766357421875 0.1767578125 0.748046875 0.16796875 0.730712890625 0.1617838546875 0.72705078125 0.1653645828125 0.715087890625 0.21061197968749998 0.71484375 0.21712239531250002 0.716552734375 0.220703125 0.7587890625 0.24153645781250002 0.762451171875 0.23958333281250002
0 0.666748046875 0.21842447968749998 0.66845703125 0.22037760468749998 0.674560546875 0.22135416718749998 0.70703125 0.21126302031250002 0.711669921875 0.20833333281250002 0.716064453125 0.1998697921875 0.7158203125 0.193359375 0.7099609375 0.1735026046875 0.699951171875 0.15234375 0.696533203125 0.1481119796875 0.69189453125 0.1477864578125 0.660888671875 0.1555989578125 0.654296875 0.1585286453125 0.652099609375 0.162109375 0.65185546875 0.1650390625 0.65380859375 0.1708984375 0.65771484375 0.1940104171875 0.666748046875 0.21842447968749998
18 0.61328125 0.22233072968749998 0.61962890625 0.22819010468749998 0.626708984375 0.22916666718749998 0.65234375 0.2236328125 0.654541015625 0.2216796875 0.655517578125 0.21647135468749998 0.655517578125 0.1923828125 0.653564453125 0.1725260421875 0.651123046875 0.1666666671875 0.613525390625 0.1604817703125 0.605712890625 0.1604817703125 0.602294921875 0.1637369796875 0.6005859375 0.173828125 0.601318359375 0.19973958281249998 0.600341796875 0.22102864531250002 0.60107421875 0.22265625 0.61328125 0.22233072968749998
9 0.63232421875 0.2897135421875 0.6357421875 0.2955729171875 0.641845703125 0.2972005203125 0.662353515625 0.2939453125 0.677734375 0.2900390625 0.6845703125 0.2864583328125 0.68701171875 0.283203125 0.688232421875 0.2750651046875 0.68603515625 0.2652994796875 0.67529296875 0.228515625 0.671630859375 0.22298177031250002 0.664306640625 0.22200520781250002 0.63037109375 0.22884114531250002 0.6259765625 0.23079427031250002 0.6240234375 0.23372395781250002 0.6240234375 0.2412109375 0.6337890625 0.2734375 0.634033203125 0.279296875 0.63232421875 0.2897135421875
9 0.410888671875 0.3356119796875 0.41552734375 0.3356119796875 0.419189453125 0.3326822921875 0.439208984375 0.296875 0.443115234375 0.2861328125 0.4443359375 0.279296875 0.441162109375 0.2721354171875 0.435302734375 0.267578125 0.414794921875 0.2529296875 0.40087890625 0.24479166718749998 0.3974609375 0.2451171875 0.39404296875 0.24739583281250002 0.38671875 0.2584635421875 0.375 0.2786458328125 0.368408203125 0.2932942703125 0.369140625 0.3033854171875 0.372314453125 0.3069661453125 0.40087890625 0.3291015625 0.410888671875 0.3356119796875
1 0.727294921875 0.419921875 0.77001953125 0.4231770828125 0.77587890625 0.4205729171875 0.780029296875 0.4147135421875 0.780517578125 0.4078776046875 0.779052734375 0.3883463546875 0.775146484375 0.3551432296875 0.773193359375 0.3509114578125 0.765625 0.34765625 0.727294921875 0.3450520828125 0.7197265625 0.3473307296875 0.716552734375 0.35546875 0.716796875 0.3727213546875 0.72021484375 0.4095052078125 0.72314453125 0.4182942703125 0.727294921875 0.419921875
4 0.78076171875 0.3958333328125 0.825439453125 0.4036458328125 0.830078125 0.4013671875 0.835205078125 0.3942057296875 0.835205078125 0.3785807296875 0.831787109375 0.341796875 0.82958984375 0.3343098953125 0.827880859375 0.33203125 0.8232421875 0.330078125 0.782470703125 0.3238932296875 0.778076171875 0.3255208328125 0.7734375 0.3349609375 0.773193359375 0.3489583328125 0.7763671875 0.3577473953125 0.779296875 0.3916015625 0.78076171875 0.3958333328125
17 0.64404296875 0.4541015625 0.647705078125 0.4557291671875 0.681884765625 0.4462890625 0.687255859375 0.443359375 0.691650390625 0.435546875 0.690673828125 0.4251302078125 0.678955078125 0.3844401046875 0.676025390625 0.3763020828125 0.671875 0.3720703125 0.661865234375 0.3720703125 0.6298828125 0.3802083328125 0.623291015625 0.3834635421875 0.620849609375 0.3870442703125 0.619384765625 0.3922526046875 0.61962890625 0.4010416671875 0.62890625 0.4368489578125 0.63330078125 0.443359375 0.64404296875 0.4541015625
1 0.590087890625 0.43359375 0.595947265625 0.4410807296875 0.605712890625 0.4436848953125 0.6103515625 0.4397786453125 0.613037109375 0.43359375 0.619873046875 0.3766276046875 0.61767578125 0.3701171875 0.615966796875 0.3684895828125 0.5673828125 0.3567708328125 0.56396484375 0.3583984375 0.562744140625 0.3606770828125 0.556640625 0.3984375 0.5537109375 0.41796875 0.55517578125 0.421875 0.585693359375 0.4309895828125 0.590087890625 0.43359375
7 0.587158203125 0.3606770828125 0.591796875 0.3629557296875 0.599609375 0.3629557296875 0.6123046875 0.3668619796875 0.61767578125 0.3668619796875 0.637451171875 0.3619791671875 0.640869140625 0.3583984375 0.642822265625 0.3518880203125 0.642822265625 0.3453776046875 0.634033203125 0.3001302078125 0.6298828125 0.2919921875 0.622314453125 0.291015625 0.5849609375 0.2965494796875 0.579833984375 0.3001302078125 0.577880859375 0.3046875 0.577392578125 0.3111979171875 0.58154296875 0.3401692703125 0.583984375 0.3531901046875 0.587158203125 0.3606770828125
15 0.52490234375 0.404296875 0.529296875 0.4055989578125 0.550048828125 0.3587239578125 0.5537109375 0.3473307296875 0.550048828125 0.3404947921875 0.543701171875 0.3349609375 0.5087890625 0.3118489578125 0.505126953125 0.3118489578125 0.498046875 0.3216145828125 0.48046875 0.3587239578125 0.478271484375 0.3665364578125 0.477783203125 0.373046875 0.480712890625 0.3776041671875 0.489013671875 0.3763020828125 0.52490234375 0.404296875
1 0.554443359375 0.3440755203125 0.5576171875 0.3427734375 0.568115234375 0.3190104171875 0.574951171875 0.3069661453125 0.579833984375 0.2897135421875 0.577880859375 0.2861328125 0.569580078125 0.279296875 0.539794921875 0.259765625 0.532958984375 0.2578125 0.52587890625 0.2662760421875 0.507568359375 0.3030598953125 0.50634765625 0.3072916671875 0.50732421875 0.3108723953125 0.53955078125 0.33203125 0.554443359375 0.3440755203125
7 0.494140625 0.3147786453125 0.498291015625 0.3154296875 0.503662109375 0.3102213546875 0.510498046875 0.2936197921875 0.51904296875 0.2789713546875 0.525146484375 0.2652994796875 0.5263671875 0.2581380203125 0.52392578125 0.2532552078125 0.51220703125 0.24446614531250002 0.499267578125 0.23665364531250002 0.487060546875 0.22721354218749998 0.480712890625 0.22493489531250002 0.475830078125 0.22884114531250002 0.455322265625 0.2652994796875 0.4521484375 0.2740885421875 0.451904296875 0.2779947921875 0.453369140625 0.2825520828125 0.459716796875 0.2900390625 0.494140625 0.3147786453125
4 0.4462890625 0.2789713546875 0.450439453125 0.2770182296875 0.45458984375 0.2639973953125 0.470703125 0.23404947968749998 0.473388671875 0.22721354218749998 0.4736328125 0.22037760468749998 0.470458984375 0.21549479218749998 0.466796875 0.212890625 0.43212890625 0.1907552078125 0.428466796875 0.1907552078125 0.42529296875 0.1930338546875 0.41796875 0.20345052031250002 0.416259765625 0.20833333281250002 0.404052734375 0.22884114531250002 0.401123046875 0.23665364531250002 0.40087890625 0.2412109375 0.402587890625 0.24446614531250002 0.43798828125 0.2685546875 0.4462890625 0.2789713546875
10 0.466064453125 0.208984375 0.4912109375 0.20833333281250002 0.49462890625 0.20572916718749998 0.49609375 0.1985677078125 0.49609375 0.1917317703125 0.493896484375 0.1474609375 0.49267578125 0.1448567703125 0.4853515625 0.1412760421875 0.4462890625 0.1416015625 0.44189453125 0.1438802078125 0.440673828125 0.1497395828125 0.44189453125 0.1936848953125 0.443359375 0.1969401046875 0.45654296875 0.20540364531250002 0.466064453125 0.208984375
16 0.5009765625 0.185546875 0.50341796875 0.1897786453125 0.506591796875 0.1910807296875 0.519287109375 0.1901041671875 0.55224609375 0.1751302078125 0.55322265625 0.1715494796875 0.55126953125 0.1585286453125 0.543212890625 0.1253255203125 0.54052734375 0.1214192703125 0.5224609375 0.1220703125 0.51318359375 0.1246744796875 0.497802734375 0.1263020828125 0.493408203125 0.130859375 0.4931640625 0.1380208328125 0.49560546875 0.1484375 0.496826171875 0.1650390625 0.5009765625 0.185546875
7 0.547119140625 0.25390625 0.561767578125 0.2470703125 0.567626953125 0.23600260468749998 0.5888671875 0.22688802031250002 0.5888671875 0.2236328125 0.58544921875 0.212890625 0.56787109375 0.1774088546875 0.564208984375 0.1728515625 0.554931640625 0.1751302078125 0.539794921875 0.181640625 0.524658203125 0.1888020828125 0.52001953125 0.1927083328125 0.5185546875 0.20052083281250002 0.51904296875 0.2099609375 0.540283203125 0.25390625 0.547119140625 0.25390625
15 0.581787109375 0.2945963546875 0.588623046875 0.2955729171875 0.626708984375 0.2897135421875 0.6298828125 0.2877604171875 0.632568359375 0.2828776046875 0.633544921875 0.275390625 0.629150390625 0.2587890625 0.617919921875 0.22916666718749998 0.61279296875 0.22298177031250002 0.6025390625 0.22428385468749998 0.569580078125 0.23567708281250002 0.5673828125 0.23763020781250002 0.564697265625 0.2451171875 0.564208984375 0.248046875 0.57421875 0.279296875 0.578125 0.2845052078125 0.581787109375 0.2945963546875
19 0.65478515625 0.373046875 0.66943359375 0.3701171875 0.67578125 0.3740234375 0.679931640625 0.3815104171875 0.695556640625 0.3870442703125 0.699462890625 0.3860677078125 0.70361328125 0.3802083328125 0.705322265625 0.3736979171875 0.709228515625 0.3391927078125 0.709716796875 0.3209635421875 0.706298828125 0.3160807296875 0.67236328125 0.3043619796875 0.66552734375 0.302734375 0.657470703125 0.3040364578125 0.655517578125 0.3063151046875 0.653564453125 0.3134765625 0.64697265625 0.3590494796875 0.646728515625 0.3662109375 0.64794921875 0.3701171875 0.64990234375 0.3720703125 0.65478515625 0.373046875
0 0.716796875 0.3046875 0.749755859375 0.3069661453125 0.7568359375 0.3053385421875 0.760009765625 0.3020833328125 0.762451171875 0.2955729171875 0.762939453125 0.2884114578125 0.75732421875 0.244140625 0.756103515625 0.2421875 0.751708984375 0.23860677031250002 0.748779296875 0.23795572968749998 0.711669921875 0.2353515625 0.706298828125 0.23697916718749998 0.703857421875 0.24088541718749998 0.701904296875 0.24837239531250002 0.703125 0.275390625 0.7060546875 0.2955729171875 0.708984375 0.3024088546875 0.716796875 0.3046875