9 0.27734375 0.89440234375 0.283203125 0.8939140625 0.2864583328125 0.89049609375 0.3040364578125 0.8489921875 0.3053385421875 0.843376953125 0.3040364578125 0.83971484375 0.298828125 0.83776171875 0.26851009062500003 0.8333112796875 0.23828125 0.826775390625 0.234375 0.8275078125 0.23079427031250002 0.832146484375 0.22623697968749998 0.842400390625 0.21321614531250002 0.875603515625 0.21321614531250002 0.8802421875 0.22037760468749998 0.8841484375 0.2649739578125 0.8929375 0.27734375 0.89440234375
17 0.3893229171875 0.845703125 0.3974609375 0.85009765625 0.4007161453125 0.85009765625 0.4195963546875 0.84326171875 0.4459635421875 0.831298828125 0.4560546875 0.82568359375 0.458984375 0.821533203125 0.4573567703125 0.814453125 0.4469401046875 0.80078125 0.4388020828125 0.792236328125 0.4319661453125 0.78271484375 0.4254557296875 0.77587890625 0.4228515625 0.775146484375 0.4182942703125 0.77587890625 0.369140625 0.796630859375 0.3619791671875 0.80029296875 0.3600260421875 0.8037109375 0.3590494796875 0.807373046875 0.3606770828125 0.81103515625 0.3763020828125 0.83154296875 0.3893229171875 0.845703125
17 0.1617838546875 0.726806640625 0.212890625 0.72119140625 0.22395833281250002 0.718994140625 0.22721354218749998 0.717041015625 0.228515625 0.707763671875 0.22233072968749998 0.669189453125 0.22037760468749998 0.66357421875 0.216796875 0.661376953125 0.2099609375 0.661376953125 0.20052083281250002 0.663818359375 0.1813151046875 0.666015625 0.146484375 0.667724609375 0.1412760421875 0.669921875 0.1389973953125 0.673095703125 0.1402994796875 0.686279296875 0.1474609375 0.71923828125 0.1507161453125 0.724853515625 0.1617838546875 0.726806640625
4 0.2932942703125 0.7822265625 0.3004557296875 0.78173828125 0.3486328125 0.768798828125 0.35546875 0.76611328125 0.3603515625 0.76220703125 0.3610026046875 0.758056640625 0.359375 0.752685546875 0.3424479171875 0.717041015625 0.3385416671875 0.712158203125 0.3356119796875 0.710693359375 0.3317057296875 0.7109375 0.3147786453125 0.716796875 0.28125 0.72509765625 0.2724609375 0.725830078125 0.2646484375 0.730712890625 0.2649739578125 0.736572265625 0.2854817703125 0.776611328125 0.2897135421875 0.78076171875 0.2932942703125 0.7822265625
4 0.3583984375 0.52783203125 0.3649088546875 0.526123046875 0.3841145828125 0.511962890625 0.408203125 0.492431640625 0.4104817703125 0.48828125 0.4069010421875 0.480712890625 0.3870442703125 0.46630859375 0.3723958328125 0.457763671875 0.3665364578125 0.452880859375 0.3557942703125 0.448974609375 0.3489583328125 0.450439453125 0.3072916671875 0.48095703125 0.3014322921875 0.48779296875 0.3043619796875 0.493408203125 0.3486328125 0.5234375 0.3583984375 0.52783203125
4 0.5960286453125 0.611083984375 0.6061197921875 0.61279296875 0.6123046875 0.609130859375 0.6292317703125 0.585205078125 0.6383463546875 0.568115234375 0.638671875 0.563720703125 0.6334635421875 0.559326171875 0.5823567703125 0.541015625 0.57421875 0.540283203125 0.5690104171875 0.542236328125 0.5657552078125 0.545654296875 0.5533854171875 0.5625 0.5423177078125 0.58154296875 0.541015625 0.58837890625 0.544921875 0.593017578125 0.5673828125 0.60205078125 0.5960286453125 0.611083984375
4 0.6959635421875 0.697998046875 0.6998697921875 0.69873046875 0.7236328125 0.69287109375 0.76171875 0.68115234375 0.7626953125 0.676025390625 0.759765625 0.664306640625 0.7506510421875 0.640625 0.7467447921875 0.633056640625 0.7418619796875 0.629638671875 0.73046875 0.6298828125 0.7096354171875 0.63720703125 0.6751302078125 0.6435546875 0.6725260421875 0.646484375 0.6722005203125 0.65087890625 0.6852213546875 0.68310546875 0.6901041671875 0.6923828125 0.6959635421875 0.697998046875
4 0.7467447921875 0.402099609375 0.7584635421875 0.40234375 0.8108723953125001 0.395751953125 0.8173828125 0.393310546875 0.8186848953125001 0.390625 0.818359375 0.382568359375 0.8128255203125001 0.349609375 0.8111979171874999 0.341796875 0.8072916671874999 0.337890625 0.7919921875 0.337890625 0.7874348953125 0.33984375 0.7578125 0.3427734375 0.7552083328125 0.342041015625 0.7470703125 0.3427734375 0.7369791671875 0.3466796875 0.736328125 0.349609375 0.740234375 0.364501953125 0.7451171875 0.400146484375 0.7467447921875 0.402099609375
4 0.5846354171875 0.473876953125 0.5921223953125 0.47607421875 0.5966796875 0.47607421875 0.654296875 0.468017578125 0.6598307296875 0.4658203125 0.6604817703125 0.4560546875 0.6546223953125 0.425537109375 0.65234375 0.417236328125 0.6461588546875 0.409912109375 0.6412760421875 0.4091796875 0.6119791671875 0.414306640625 0.5817057296875 0.4169921875 0.5751953125 0.4189453125 0.5732421875 0.4208984375 0.5729166671875 0.42529296875 0.5787760421875 0.45654296875 0.5823567703125 0.470458984375 0.5846354171875 0.473876953125
4 0.06412760468749999 0.416259765625 0.1126302078125 0.420166015625 0.1321614578125 0.420654296875 0.13671875 0.41845703125 0.1393229171875 0.407958984375 0.1435546875 0.37158203125 0.1432291671875 0.36572265625 0.140625 0.3623046875 0.1276041671875 0.359375 0.06380208281250001 0.354248046875 0.05891927031250001 0.35546875 0.05631510468749999 0.3583984375 0.05403645781250001 0.369384765625 0.05143229218749999 0.400634765625 0.05143229218749999 0.41015625 0.0537109375 0.413330078125 0.06412760468749999 0.416259765625
4 0.6878255203125 0.229736328125 0.6959635421875 0.225341796875 0.7073567703125 0.221923828125 0.7099609375 0.219970703125 0.7102864578125 0.21630859375 0.7076822921875 0.20849609375 0.6875 0.171630859375 0.681640625 0.166259765625 0.6764322921875 0.166015625 0.658203125 0.16943359375 0.6214192703125 0.18115234375 0.6126302078125 0.18505859375 0.6103515625 0.1875 0.6103515625 0.192626953125 0.6402994796875 0.2431640625 0.6442057296875 0.243408203125 0.6878255203125 0.229736328125
7 0.5393880203125 0.671630859375 0.5455729171875 0.67431640625 0.5641276046875 0.6650390625 0.5852864578125 0.65185546875 0.59765625 0.643798828125 0.6002604171875 0.63916015625 0.5983072921875 0.633544921875 0.5677083328125 0.60595703125 0.560546875 0.60009765625 0.5537109375 0.59814453125 0.5501302078125 0.5986328125 0.5260416671875 0.6123046875 0.5009765625 0.62890625 0.4993489578125 0.630126953125 0.4993489578125 0.6337890625 0.5013020828125 0.63720703125 0.5393880203125 0.671630859375
7 0.4632161453125 0.71826171875 0.466796875 0.719482421875 0.47265625 0.71923828125 0.5188802078125 0.7109375 0.533203125 0.703857421875 0.5338541671875 0.699462890625 0.5234375 0.66552734375 0.5198567703125 0.656494140625 0.5152994796875 0.651611328125 0.5084635421875 0.650634765625 0.4964192703125 0.6552734375 0.484375 0.658447265625 0.4527994796875 0.663818359375 0.4446614578125 0.66796875 0.4449869796875 0.67431640625 0.4524739578125 0.696533203125 0.4596354171875 0.71435546875 0.4632161453125 0.71826171875
7 0.6474609375 0.644775390625 0.6722005203125 0.643310546875 0.7102864578125 0.636474609375 0.7180989578125 0.633056640625 0.7194010421875 0.629638671875 0.7109375 0.5908203125 0.7086588546875 0.58349609375 0.7060546875 0.581298828125 0.7008463546875 0.58056640625 0.6578776046875 0.58642578125 0.6402994796875 0.5869140625 0.6354166671875 0.58837890625 0.6324869796875 0.590576171875 0.6321614578125 0.599609375 0.6402994796875 0.6318359375 0.6432291671875 0.640380859375 0.6474609375 0.644775390625
7 0.7649739578125 0.761474609375 0.775390625 0.76123046875 0.7783203125 0.760009765625 0.783203125 0.75537109375 0.7978515625 0.72021484375 0.7981770828125 0.712646484375 0.7913411453125 0.70849609375 0.7724609375 0.703857421875 0.7652994796875 0.703369140625 0.7369791671875 0.69775390625 0.7272135421875 0.697998046875 0.7229817703125 0.70361328125 0.712890625 0.733642578125 0.7076822921875 0.7431640625 0.7083333328125 0.748291015625 0.716796875 0.75439453125 0.7252604171875 0.75439453125 0.7649739578125 0.761474609375
7 0.7473958328125 0.84521484375 0.7548828125 0.84326171875 0.7688802078125 0.83544921875 0.7861328125 0.8251953125 0.8001302078125001 0.814697265625 0.7965494796875 0.80712890625 0.7718098953125 0.78271484375 0.7610677078125 0.7744140625 0.755859375 0.772705078125 0.7477213546875 0.77490234375 0.7444661453125 0.777099609375 0.7421875 0.779541015625 0.7392578125 0.786865234375 0.7239583328125 0.79638671875 0.7138671875 0.80419921875 0.7083333328125 0.806884765625 0.7073567703125 0.809326171875 0.7093098953125 0.81396484375 0.7223307296875 0.82763671875 0.7412109375 0.84326171875 0.7473958328125 0.84521484375
13 0.685546875 0.816650390625 0.6927083328125 0.81494140625 0.7112630203125 0.803955078125 0.7184244796875 0.79833984375 0.7356770828125 0.78857421875 0.7386067703125 0.786376953125 0.7399088546875 0.783447265625 0.7386067703125 0.778076171875 0.705078125 0.747314453125 0.69921875 0.743408203125 0.6949869796875 0.744140625 0.6845703125 0.7509765625 0.6692708328125 0.758544921875 0.6438802078125 0.77783203125 0.6435546875 0.7802734375 0.6569010421875 0.7939453125 0.6793619796875 0.81396484375 0.685546875 0.816650390625
13 0.8444010421874999 0.758056640625 0.8525390625 0.758056640625 0.859375 0.756591796875 0.86328125 0.752197265625 0.87109375 0.728271484375 0.8733723953125001 0.712890625 0.8727213546874999 0.70849609375 0.8665364578125001 0.7041015625 0.8597005203125001 0.702392578125 0.828125 0.699951171875 0.8219401046874999 0.698486328125 0.8098958328125001 0.69775390625 0.8001302078125001 0.698486328125 0.7965494796875 0.70263671875 0.7965494796875 0.706787109375 0.7991536453125 0.712646484375 0.798828125 0.720458984375 0.791015625 0.741455078125 0.7906901046875 0.748046875 0.7923177078125 0.75146484375 0.8001302078125001 0.755126953125 0.8444010421874999 0.758056640625
13 0.5133463546875 0.42236328125 0.5152994796875 0.423095703125 0.521484375 0.42236328125 0.537109375 0.418212890625 0.5504557296875 0.41796875 0.58203125 0.412841796875 0.5856119796875 0.410400390625 0.5869140625 0.40478515625 0.5862630203125 0.400390625 0.5755208328125 0.35986328125 0.5719401046875 0.35546875 0.5680338546875 0.3544921875 0.5533854171875 0.35546875 0.5328776046875 0.3603515625 0.5052083328125 0.363525390625 0.4993489578125 0.365478515625 0.4967447921875 0.368408203125 0.4970703125 0.376953125 0.5048828125 0.405029296875 0.5084635421875 0.416259765625 0.5133463546875 0.42236328125
13 0.7096354171875 0.28369140625 0.7203776046875 0.283935546875 0.7535807296875 0.278076171875 0.7727864578125 0.27587890625 0.77734375 0.2744140625 0.7825520828125 0.2705078125 0.7838541671875 0.26611328125 0.7828776046875 0.258544921875 0.7724609375 0.22119140625 0.7688802078125 0.215087890625 0.7591145828125 0.21484375 0.7037760421875 0.223876953125 0.6962890625 0.2265625 0.693359375 0.22900390625 0.6930338546875 0.240478515625 0.7008463546875 0.26904296875 0.7063802078125 0.2763671875 0.7096354171875 0.28369140625
10 0.5224609375 0.22119140625 0.5260416671875 0.221435546875 0.5338541671875 0.218017578125 0.5738932296875 0.186279296875 0.5797526046875 0.179931640625 0.580078125 0.175048828125 0.5755208328125 0.169677734375 0.5452473953125 0.1474609375 0.5283203125 0.136962890625 0.5224609375 0.136474609375 0.5013020828125 0.151123046875 0.4736328125 0.174560546875 0.4723307296875 0.17724609375 0.4733072921875 0.18505859375 0.4772135421875 0.189208984375 0.5192057296875 0.21923828125 0.5224609375 0.22119140625
10 0.4319661453125 0.66650390625 0.4391276046875 0.6669921875 0.4811197921875 0.657958984375 0.4977213546875 0.653564453125 0.5009765625 0.651611328125 0.5022786453125 0.647705078125 0.5009765625 0.64111328125 0.4889322921875 0.60595703125 0.484375 0.598876953125 0.4768880203125 0.598876953125 0.455078125 0.60400390625 0.4420572921875 0.6044921875 0.4163411453125 0.6103515625 0.4127604171875 0.613525390625 0.4127604171875 0.6201171875 0.4231770828125 0.64892578125 0.4241536453125 0.65771484375 0.4319661453125 0.66650390625
10 0.6077473953125 0.7958984375 0.6149088546875 0.7939453125 0.630859375 0.78466796875 0.6546223953125 0.76953125 0.6595052078125 0.765625 0.6608072921875 0.762451171875 0.6604817703125 0.758544921875 0.6552734375 0.75341796875 0.6233723953125 0.725341796875 0.6168619796875 0.7216796875 0.6097005203125 0.72314453125 0.6025390625 0.726806640625 0.560546875 0.75439453125 0.5608723953125 0.7587890625 0.5706380203125 0.769287109375 0.5989583328125 0.79345703125 0.6077473953125 0.7958984375
12 0.04296875 0.317626953125 0.09505208281250001 0.324462890625 0.103515625 0.324462890625 0.1162109375 0.265380859375 0.1129557296875 0.262939453125 0.09928385468749999 0.26025390625 0.0406901046875 0.25146484375 0.0328776046875 0.25244140625 0.0283203125 0.25830078125 0.0201822921875 0.3037109375 0.0198567703125 0.30712890625 0.021484375 0.311279296875 0.0299479171875 0.314697265625 0.04296875 0.317626953125
12 0.22721354218749998 0.273193359375 0.23209635468749998 0.272705078125 0.265625 0.261962890625 0.2936197921875 0.25244140625 0.2962239578125 0.250244140625 0.296875 0.248046875 0.2936197921875 0.23974609375 0.2688802078125 0.2001953125 0.265625 0.19580078125 0.2610677078125 0.192626953125 0.251953125 0.192626953125 0.1959635421875 0.2119140625 0.1897786453125 0.21630859375 0.1920572921875 0.224609375 0.21614583281250002 0.261962890625 0.2197265625 0.266845703125 0.22721354218749998 0.273193359375
12 0.5810546875 0.176513671875 0.5833333328125 0.181884765625 0.5908203125 0.18798828125 0.5950520828125 0.189453125 0.6126302078125 0.18115234375 0.6194661453125 0.17431640625 0.6451822921875 0.158447265625 0.6533203125 0.1513671875 0.654296875 0.14892578125 0.6510416671875 0.141845703125 0.6429036453125 0.1337890625 0.6168619796875 0.110107421875 0.6097005203125 0.104736328125 0.6057942703125 0.103759765625 0.5983072921875 0.10546875 0.5924479171875 0.109130859375 0.5569661453125 0.1328125 0.5475260421875 0.140869140625 0.5462239578125 0.144287109375 0.5481770828125 0.148193359375 0.5732421875 0.166748046875 0.5810546875 0.176513671875
12 0.5052083328125 0.492431640625 0.5540364578125 0.48291015625 0.5673828125 0.479736328125 0.5706380203125 0.4775390625 0.5719401046875 0.470458984375 0.5680338546875 0.457275390625 0.5592447921875 0.4287109375 0.5572916671875 0.42529296875 0.5543619796875 0.42333984375 0.5494791671875 0.4228515625 0.4876302078125 0.435302734375 0.482421875 0.438720703125 0.486328125 0.456298828125 0.4970703125 0.48779296875 0.5016276046875 0.4921875 0.5052083328125 0.492431640625
20 0.7379557296875 0.584228515625 0.7509765625 0.58154296875 0.7828776046875 0.577880859375 0.7900390625 0.576416015625 0.7939453125 0.573974609375 0.7952473953125 0.5693359375 0.7897135421875 0.5361328125 0.7877604171875 0.527587890625 0.783203125 0.51953125 0.71484375 0.528564453125 0.712890625 0.529052734375 0.7119140625 0.53076171875 0.7194010421875 0.578125 0.7236328125 0.583251953125 0.7294921875 0.58447265625 0.7379557296875 0.584228515625
20 0.7737630203125 0.697265625 0.7942708328125 0.697021484375 0.8297526046874999 0.693603515625 0.8385416671874999 0.690673828125 0.8404947921874999 0.6865234375 0.8395182296874999 0.65380859375 0.8372395828125001 0.64111328125 0.8346354171874999 0.6376953125 0.8294270828125001 0.636474609375 0.7991536453125 0.636962890625 0.771484375 0.63916015625 0.7649739578125 0.640380859375 0.7610677078125 0.643798828125 0.7646484375 0.68603515625 0.7666015625 0.69287109375 0.76953125 0.695556640625 0.7737630203125 0.697265625
12 0.34765625 0.66845703125 0.3525390625 0.671630859375 0.357421875 0.67236328125 0.3798828125 0.668701171875 0.4189453125 0.657958984375 0.4215494796875 0.65625 0.4225260421875 0.654541015625 0.421875 0.6484375 0.4085286453125 0.60986328125 0.404296875 0.603271484375 0.4010416671875 0.60205078125 0.3971354171875 0.6025390625 0.3776041671875 0.6083984375 0.3668619796875 0.609130859375 0.3359375 0.6162109375 0.3310546875 0.618896484375 0.3310546875 0.62646484375 0.3391927078125 0.645263671875 0.3453776046875 0.6640625 0.34765625 0.66845703125
9 0.6129557296875 0.532958984375 0.6331380203125 0.531005859375 0.6412760421875 0.52880859375 0.6686197921875 0.52587890625 0.6790364578125 0.5224609375 0.6803385421875 0.518798828125 0.6767578125 0.506103515625 0.6715494796875 0.473876953125 0.6682942703125 0.46923828125 0.6653645828125 0.4677734375 0.6591796875 0.46728515625 0.5986328125 0.47607421875 0.5944010421875 0.478759765625 0.5934244796875 0.4814453125 0.5930989578125 0.484619140625 0.6018880203125 0.521728515625 0.6061197921875 0.53173828125 0.6129557296875 0.532958984375
9 0.7470703125 0.46044921875 0.7486979171875 0.462158203125 0.7542317703125 0.462890625 0.7760416671875 0.46142578125 0.7903645828125 0.4580078125 0.8115234375 0.455078125 0.8196614578125001 0.45263671875 0.8216145828125001 0.44970703125 0.8209635421874999 0.443359375 0.8121744796874999 0.400146484375 0.8102213546874999 0.39794921875 0.8030598953125001 0.396728515625 0.791015625 0.399169921875 0.7444661453125 0.405029296875 0.7379557296875 0.4072265625 0.7369791671875 0.407958984375 0.7373046875 0.41357421875 0.7421875 0.4306640625 0.7470703125 0.46044921875
9 0.1533203125 0.576416015625 0.1575520828125 0.577880859375 0.1647135421875 0.576904296875 0.1783854171875 0.569580078125 0.1875 0.567138671875 0.1920572921875 0.563232421875 0.21614583281250002 0.55078125 0.2216796875 0.546875 0.22298177031250002 0.54345703125 0.20638020781250002 0.524658203125 0.1796875 0.5009765625 0.1761067703125 0.49951171875 0.171875 0.5 0.1412760421875 0.51708984375 0.1149088546875 0.529541015625 0.1129557296875 0.532470703125 0.1142578125 0.536376953125 0.1477864578125 0.57177734375 0.1533203125 0.576416015625
18 0.1891276046875 0.33740234375 0.1923828125 0.33203125 0.2041015625 0.28662109375 0.20377604218749998 0.2822265625 0.20182291718749998 0.278564453125 0.1966145828125 0.27587890625 0.1305338546875 0.26513671875 0.1194661453125 0.265380859375 0.1139322921875 0.27880859375 0.1057942703125 0.315673828125 0.1061197921875 0.322509765625 0.1119791671875 0.326416015625 0.181640625 0.33740234375 0.1891276046875 0.33740234375
18 0.4176432296875 0.485107421875 0.4251302078125 0.486083984375 0.4287109375 0.484375 0.4407552078125 0.474365234375 0.4632161453125 0.45361328125 0.4713541671875 0.442626953125 0.4694010421875 0.43896484375 0.4319661453125 0.414794921875 0.4186197921875 0.40771484375 0.4147135421875 0.4072265625 0.4111328125 0.407958984375 0.40625 0.411376953125 0.3684895828125 0.447021484375 0.3675130203125 0.449462890625 0.369140625 0.452392578125 0.3837890625 0.4638671875 0.4176432296875 0.485107421875
18 0.4283854171875 0.545654296875 0.4319661453125 0.547607421875 0.4912109375 0.534912109375 0.4996744796875 0.531982421875 0.5003255203125 0.525390625 0.4918619796875 0.500732421875 0.4850260421875 0.4833984375 0.48046875 0.4775390625 0.4736328125 0.477294921875 0.4485677078125 0.48291015625 0.435546875 0.48388671875 0.4111328125 0.490966796875 0.4075520828125 0.49462890625 0.408203125 0.498291015625 0.4251302078125 0.540283203125 0.4283854171875 0.545654296875
18 0.3697916671875 0.60693359375 0.3766276046875 0.60693359375 0.4182942703125 0.595458984375 0.435546875 0.589599609375 0.4397786453125 0.5849609375 0.4397786453125 0.58154296875 0.4205729171875 0.54443359375 0.4153645828125 0.537109375 0.4114583328125 0.53515625 0.404296875 0.535888671875 0.3606770828125 0.548095703125 0.3518880203125 0.549072265625 0.3453776046875 0.552734375 0.3427734375 0.555908203125 0.3421223953125 0.560791015625 0.3440755203125 0.565185546875 0.3616536453125 0.597412109375 0.3697916671875 0.60693359375
18 0.2975260421875 0.571533203125 0.3053385421875 0.57568359375 0.3102213546875 0.576904296875 0.3160807296875 0.5751953125 0.326171875 0.567626953125 0.3590494796875 0.54052734375 0.3623046875 0.536376953125 0.3619791671875 0.532470703125 0.359375 0.530029296875 0.3154296875 0.5009765625 0.3072916671875 0.49755859375 0.2998046875 0.49951171875 0.29296875 0.504150390625 0.2682291671875 0.525146484375 0.2568359375 0.53271484375 0.2529296875 0.536376953125 0.2529296875 0.539794921875 0.2600911453125 0.54638671875 0.2975260421875 0.571533203125
18 0.892578125 0.392578125 0.8961588546874999 0.39453125 0.9417317703125001 0.40771484375 0.9534505203125001 0.408203125 0.9576822921874999 0.40673828125 0.9638671875 0.40087890625 0.9807942703125001 0.36572265625 0.982421875 0.3564453125 0.9742838546874999 0.351806640625 0.9635416671874999 0.3486328125 0.9254557296874999 0.33837890625 0.91796875 0.338134765625 0.9078776046874999 0.341796875 0.9049479171874999 0.344970703125 0.89453125 0.369384765625 0.8948567703125001 0.380615234375 0.8902994796874999 0.38818359375 0.8902994796874999 0.390869140625 0.892578125 0.392578125
18 0.5891927078125 0.41357421875 0.5914713546875 0.414306640625 0.609375 0.41357421875 0.6370442703125 0.408447265625 0.6526692703125 0.408447265625 0.6617838546875 0.40673828125 0.6643880203125 0.40087890625 0.6643880203125 0.394287109375 0.658203125 0.3583984375 0.654296875 0.350341796875 0.6487630203125 0.34912109375 0.6188151046875 0.3515625 0.587890625 0.355712890625 0.5797526046875 0.358642578125 0.578125 0.361083984375 0.578125 0.366455078125 0.5872395828125 0.400634765625 0.5869140625 0.411376953125 0.5891927078125 0.41357421875
7 0.525390625 0.54736328125 0.5364583328125 0.547119140625 0.5611979171875 0.542724609375 0.57421875 0.539306640625 0.5833333328125 0.53857421875 0.5888671875 0.537109375 0.5944010421875 0.533447265625 0.5963541671875 0.526123046875 0.5830078125 0.48583984375 0.5813802078125 0.482666015625 0.5784505203125 0.480712890625 0.5745442703125 0.4794921875 0.5709635421875 0.479736328125 0.5625 0.482177734375 0.5149739578125 0.490966796875 0.5074869796875 0.494384765625 0.5078125 0.501953125 0.5152994796875 0.527099609375 0.5224609375 0.544677734375 0.525390625 0.54736328125
7 0.2412109375 0.614501953125 0.2451171875 0.6142578125 0.2516276046875 0.61083984375 0.2945963546875 0.57958984375 0.2981770828125 0.574462890625 0.2877604171875 0.5654296875 0.2542317703125 0.5419921875 0.24934895781250002 0.5390625 0.2412109375 0.536376953125 0.2275390625 0.543701171875 0.1901041671875 0.571044921875 0.1884765625 0.573486328125 0.1891276046875 0.578125 0.1969401046875 0.584716796875 0.2353515625 0.612548828125 0.2412109375 0.614501953125
7 0.8714192703125001 0.49951171875 0.8759765625 0.50341796875 0.8912760421874999 0.50341796875 0.9143880203125001 0.499755859375 0.9322916671874999 0.4990234375 0.9436848953125001 0.49560546875 0.9475911453125001 0.4931640625 0.9488932296874999 0.49072265625 0.9488932296874999 0.480712890625 0.9462890625 0.46044921875 0.9440104171874999 0.446044921875 0.9404296875 0.442138671875 0.931640625 0.44140625 0.9251302078125001 0.442626953125 0.896484375 0.4443359375 0.8746744796874999 0.44775390625 0.8642578125 0.45166015625 0.86328125 0.45361328125 0.8668619796874999 0.46826171875 0.8701171875 0.496826171875 0.8714192703125001 0.49951171875
18 0.66796875 0.873779296875 0.6819661453125 0.878173828125 0.6888020828125 0.878173828125 0.6923828125 0.877197265625 0.7001953125 0.8701171875 0.720703125 0.835693359375 0.7213541671875 0.831298828125 0.7177734375 0.826904296875 0.7106119796875 0.822998046875 0.6842447921875 0.8173828125 0.6741536453125 0.8125 0.6640625 0.809326171875 0.6546223953125 0.80908203125 0.650390625 0.81201171875 0.6435546875 0.821044921875 0.638671875 0.831298828125 0.638671875 0.83837890625 0.6272786453125 0.852294921875 0.6272786453125 0.859130859375 0.6360677078125 0.86474609375 0.6608072921875 0.873046875 0.66796875 0.873779296875
19 0.5693359375 0.860595703125 0.5774739578125 0.8671875 0.5830078125 0.8671875 0.5924479171875 0.864013671875 0.6233723953125 0.849609375 0.6354166671875 0.84228515625 0.6373697921875 0.83837890625 0.634765625 0.83154296875 0.6077473953125 0.7998046875 0.6025390625 0.796630859375 0.595703125 0.794677734375 0.5908203125 0.7958984375 0.5768229171875 0.80419921875 0.552734375 0.813232421875 0.541015625 0.8212890625 0.5406901046875 0.824951171875 0.5423177078125 0.828125 0.5533854171875 0.8427734375 0.5693359375 0.860595703125
19 0.751953125 0.637451171875 0.7591145828125 0.638427734375 0.7932942703125 0.635498046875 0.810546875 0.6328125 0.818359375 0.629150390625 0.8203125 0.622802734375 0.8154296875 0.58203125 0.8125 0.57763671875 0.7965494796875 0.576904296875 0.748046875 0.5830078125 0.7405598953125 0.584716796875 0.7389322921875 0.58642578125 0.7408854171875 0.6123046875 0.7438151046875 0.626708984375 0.7451171875 0.6298828125 0.751953125 0.637451171875
19 0.7194010421875 0.527099609375 0.7356770828125 0.525146484375 0.779296875 0.51953125 0.7822265625 0.517822265625 0.783203125 0.50732421875 0.7809244796875 0.496826171875 0.7805989578125 0.480712890625 0.7776692703125 0.46728515625 0.7750651046875 0.4638671875 0.771484375 0.462890625 0.7470703125 0.46484375 0.7076822921875 0.469970703125 0.697265625 0.472900390625 0.6962890625 0.47412109375 0.7044270828125 0.51806640625 0.7132161453125 0.526611328125 0.7194010421875 0.527099609375
19 0.9280598953125001 0.556396484375 0.9368489578125001 0.55322265625 0.9391276046874999 0.55029296875 0.9391276046874999 0.539306640625 0.935546875 0.50830078125 0.93359375 0.502197265625 0.931640625 0.50048828125 0.9241536453125001 0.499755859375 0.8694661453125001 0.505859375 0.8636067703125001 0.5078125 0.8610026046874999 0.510498046875 0.8684895828125001 0.558837890625 0.8701171875 0.561767578125 0.8798828125 0.5625 0.9280598953125001 0.556396484375
0 0.8098958328125001 0.574462890625 0.8365885421874999 0.56884765625 0.859375 0.565673828125 0.8662109375 0.5634765625 0.8681640625 0.56103515625 0.8662109375 0.543212890625 0.8610026046874999 0.5146484375 0.8577473953125001 0.510498046875 0.8515625 0.50927734375 0.8212890625 0.51416015625 0.7923177078125 0.51611328125 0.787109375 0.5185546875 0.7958984375 0.566650390625 0.7978515625 0.5712890625 0.8001302078125001 0.5732421875 0.8098958328125001 0.574462890625
0 0.79296875 0.51416015625 0.802734375 0.51513671875 0.8216145828125001 0.51318359375 0.841796875 0.509521484375 0.859375 0.5078125 0.8671875 0.5048828125 0.8681640625 0.497802734375 0.865234375 0.486572265625 0.861328125 0.459716796875 0.8597005203125001 0.453369140625 0.8570963546874999 0.451416015625 0.8509114578125001 0.450439453125 0.8304036453125001 0.452880859375 0.7965494796875 0.4580078125 0.7841796875 0.4609375 0.7809244796875 0.46337890625 0.7815755203125 0.474365234375 0.7887369796875 0.507080078125 0.79296875 0.51416015625
0 0.6728515625 0.47119140625 0.681640625 0.47265625 0.6966145828125 0.47119140625 0.7412109375 0.464599609375 0.7457682296875 0.461669921875 0.7467447921875 0.460205078125 0.74609375 0.454833984375 0.740234375 0.4248046875 0.734375 0.407958984375 0.7314453125 0.406982421875 0.7236328125 0.4072265625 0.6653645828125 0.4150390625 0.66015625 0.41748046875 0.6578776046875 0.420166015625 0.6575520828125 0.42431640625 0.6669921875 0.46337890625 0.6686197921875 0.467041015625 0.6728515625 0.47119140625
0 0.6474609375 0.586181640625 0.6516927078125 0.5859375 0.7063802078125 0.579833984375 0.7171223953125 0.576171875 0.71875 0.57080078125 0.7115885421875 0.529296875 0.7060546875 0.522216796875 0.703125 0.521240234375 0.6956380203125 0.521484375 0.6507161453125 0.528076171875 0.6328125 0.53271484375 0.6337890625 0.546630859375 0.6422526046875 0.58203125 0.6448567703125 0.585205078125 0.6474609375 0.586181640625
0 0.4475911453125 0.59765625 0.4527994796875 0.601806640625 0.4596354171875 0.6015625 0.4794921875 0.597412109375 0.4876302078125 0.596923828125 0.5201822921875 0.58837890625 0.5218098953125 0.582275390625 0.5169270828125 0.56689453125 0.5065104171875 0.538330078125 0.5022786453125 0.53369140625 0.498046875 0.53369140625 0.4778645828125 0.538818359375 0.4319661453125 0.548095703125 0.4309895828125 0.549072265625 0.4313151046875 0.55419921875 0.4342447921875 0.560791015625 0.4371744796875 0.57421875 0.4475911453125 0.59765625
0 0.2799479171875 0.482666015625 0.2867838546875 0.485595703125 0.296875 0.488037109375 0.3001302078125 0.487060546875 0.3343098953125 0.4599609375 0.345703125 0.44970703125 0.3470052078125 0.446044921875 0.3447265625 0.44287109375 0.3346354171875 0.435302734375 0.2965494796875 0.4111328125 0.2861328125 0.408203125 0.2809244796875 0.410888671875 0.2620442703125 0.42529296875 0.2412109375 0.443359375 0.23763020781250002 0.4482421875 0.23763020781250002 0.453125 0.2392578125 0.455078125 0.2679036453125 0.47509765625 0.2799479171875 0.482666015625
0 0.8356119796874999 0.392578125 0.853515625 0.3896484375 0.8860677078125001 0.38671875 0.8916015625 0.384033203125 0.8938802078125001 0.377197265625 0.8922526046874999 0.36181640625 0.8870442703125001 0.334228515625 0.8834635421874999 0.32958984375 0.8649088546874999 0.32958984375 0.82421875 0.333740234375 0.8128255203125001 0.336181640625 0.8095703125 0.33837890625 0.8131510421874999 0.347900390625 0.8209635421874999 0.392822265625 0.8356119796874999 0.392578125
0 0.3902994796875 0.732421875 0.3971354171875 0.73193359375 0.4270833328125 0.720458984375 0.4501953125 0.711181640625 0.455078125 0.70703125 0.4547526046875 0.702880859375 0.4469401046875 0.688720703125 0.43359375 0.670166015625 0.4222005203125 0.65869140625 0.4111328125 0.660888671875 0.373046875 0.674560546875 0.3577473953125 0.681884765625 0.35546875 0.6845703125 0.3567708328125 0.6904296875 0.3720703125 0.712158203125 0.3850911453125 0.728759765625 0.3902994796875 0.732421875
12 0.5930989578125 0.717924071875 0.5960286453125 0.717924071875 0.6067708328125 0.7123088375 0.61507845 0.7077834468749999 0.623046875 0.701810790625 0.6448567703125 0.687894775 0.6477864578125 0.6820354 0.6468098953125 0.67861743125 0.6438802078125 0.675443603125 0.6061197921875 0.644193603125 0.6025390625 0.643217040625 0.5986328125 0.644193603125 0.5478515625 0.675443603125 0.5475260421875 0.679349853125 0.5501302078125 0.683988525 0.580078125 0.70986743125 0.5930989578125 0.717924071875
18 0.6598307296875 0.7568359375 0.6643880203125 0.75927734375 0.6735026046875 0.75537109375 0.70703125 0.735107421875 0.7174479171875 0.7275390625 0.7190755203125 0.723876953125 0.7154947921875 0.717041015625 0.7018229171875 0.706298828125 0.6861979171875 0.690185546875 0.67578125 0.6845703125 0.671875 0.684814453125 0.6650390625 0.687255859375 0.654296875 0.6923828125 0.619140625 0.713623046875 0.6181640625 0.71728515625 0.62109375 0.722412109375 0.6494140625 0.748046875 0.6598307296875 0.7568359375
17 0.8411458328125001 0.6826171875 0.8430989578125001 0.6875 0.8489583328125001 0.688720703125 0.880859375 0.686767578125 0.9078776046874999 0.68310546875 0.9111328125 0.680908203125 0.9127604171874999 0.67578125 0.9130859375 0.65771484375 0.9108072921874999 0.636962890625 0.9098307296874999 0.63330078125 0.9075520828125001 0.630859375 0.8987630203125001 0.62890625 0.8893229171874999 0.62890625 0.841796875 0.632568359375 0.8365885421874999 0.633544921875 0.8356119796874999 0.634765625 0.8352864578125001 0.63720703125 0.837890625 0.640380859375 0.8395182296874999 0.646240234375 0.8411458328125001 0.6826171875
17 0.8626302078125001 0.619384765625 0.8662109375 0.620849609375 0.8805338546874999 0.6201171875 0.9215494796874999 0.613525390625 0.9339192703125001 0.609375 0.9345703125 0.602783203125 0.9306640625 0.575439453125 0.9280598953125001 0.56298828125 0.9251302078125001 0.55810546875 0.9163411453125001 0.558349609375 0.8782552078125001 0.563720703125 0.8707682296874999 0.56298828125 0.8505859375 0.569580078125 0.8499348953125001 0.572509765625 0.8557942703125001 0.607666015625 0.8587239578125001 0.61572265625 0.8626302078125001 0.619384765625
17 0.8356119796874999 0.451904296875 0.8512369796874999 0.44873046875 0.8658854171874999 0.4482421875 0.890625 0.4443359375 0.8935546875 0.442626953125 0.89453125 0.435546875 0.8912760421874999 0.41162109375 0.88671875 0.391845703125 0.8841145828125001 0.388671875 0.873046875 0.388427734375 0.8209635421874999 0.394775390625 0.81640625 0.39599609375 0.8131510421874999 0.3984375 0.8131510421874999 0.40478515625 0.8219401046874999 0.44970703125 0.8235677078125001 0.451416015625 0.8356119796874999 0.451904296875
17 0.66796875 0.411865234375 0.67578125 0.412841796875 0.7145182296875 0.4072265625 0.734375 0.40576171875 0.7428385421875 0.40283203125 0.744140625 0.400390625 0.744140625 0.3935546875 0.7399088546875 0.369140625 0.7340494796875 0.34716796875 0.7311197921875 0.345947265625 0.7265625 0.345947265625 0.689453125 0.3505859375 0.6761067703125 0.353271484375 0.6647135421875 0.35400390625 0.6604817703125 0.355712890625 0.6598307296875 0.357177734375 0.66015625 0.3662109375 0.6656901046875 0.396240234375 0.6653645828125 0.407958984375 0.66796875 0.411865234375
17 0.1884765625 0.43994140625 0.1956380203125 0.442626953125 0.20279947968749998 0.4404296875 0.24772135468749998 0.412841796875 0.2552083328125 0.407958984375 0.255859375 0.405029296875 0.2535807296875 0.40087890625 0.23404947968749998 0.3837890625 0.21223958281250002 0.3662109375 0.20279947968749998 0.360107421875 0.1988932296875 0.360107421875 0.193359375 0.362548828125 0.1448567703125 0.3935546875 0.1419270828125 0.396484375 0.1419270828125 0.399169921875 0.1438802078125 0.402099609375 0.1783854171875 0.432373046875 0.1884765625 0.43994140625
17 0.20963541718749998 0.525634765625 0.22721354218749998 0.538330078125 0.23470052031250002 0.536376953125 0.2451171875 0.53125 0.2610677078125 0.52001953125 0.2766927078125 0.512451171875 0.2867838546875 0.503662109375 0.2890625 0.500244140625 0.2890625 0.497802734375 0.2867838546875 0.494873046875 0.2747395828125 0.48388671875 0.24609375 0.4619140625 0.23763020781250002 0.4580078125 0.2275390625 0.4609375 0.1813151046875 0.4921875 0.1787109375 0.49462890625 0.1790364578125 0.498046875 0.1809895828125 0.500732421875 0.20963541718749998 0.525634765625
16 0.6481119796875 0.322021484375 0.6549479171875 0.322998046875 0.6604817703125 0.321044921875 0.6875 0.29931640625 0.6962890625 0.294677734375 0.7047526046875 0.28564453125 0.7067057296875 0.279296875 0.6998697921875 0.272216796875 0.6608072921875 0.24267578125 0.654296875 0.2412109375 0.6461588546875 0.24462890625 0.6282552078125 0.25830078125 0.62109375 0.265380859375 0.6031901046875 0.279052734375 0.6012369796875 0.281982421875 0.6015625 0.286376953125 0.6090494796875 0.293212890625 0.6168619796875 0.2978515625 0.6481119796875 0.322021484375
6 0.5638020828125 0.27197265625 0.5673828125 0.274169921875 0.5716145828125 0.27392578125 0.6279296875 0.25537109375 0.6370442703125 0.250732421875 0.6393229171875 0.248291015625 0.6393229171875 0.24462890625 0.6168619796875 0.202880859375 0.609375 0.1943359375 0.6022135421875 0.194091796875 0.5436197921875 0.212158203125 0.5374348953125 0.21728515625 0.537109375 0.2236328125 0.5423177078125 0.235595703125 0.5615234375 0.268798828125 0.5638020828125 0.27197265625
1 0.443359375 0.293212890625 0.4508463546875 0.29150390625 0.4957682296875 0.257080078125 0.4986979171875 0.252685546875 0.498046875 0.247314453125 0.482421875 0.234375 0.4527994796875 0.2119140625 0.4488932296875 0.209716796875 0.4436848953125 0.208984375 0.435546875 0.212890625 0.390625 0.24755859375 0.390625 0.2509765625 0.3935546875 0.256591796875 0.4391276046875 0.291259765625 0.443359375 0.293212890625
17 0.7399088546875 0.21435546875 0.7552083328125 0.21142578125 0.7630208328125 0.20703125 0.7757161453125 0.2021484375 0.7835286453125 0.197265625 0.7845052078125 0.192626953125 0.7828776046875 0.188232421875 0.7610677078125 0.147705078125 0.7568359375 0.14404296875 0.7509765625 0.143798828125 0.7408854171875 0.146484375 0.6975911453125 0.16162109375 0.6871744796875 0.167236328125 0.6878255203125 0.17236328125 0.7132161453125 0.220703125 0.7239583328125 0.2197265625 0.7399088546875 0.21435546875
11 0.7132161453125 0.345458984375 0.7177734375 0.34619140625 0.7350260421875 0.344482421875 0.7438151046875 0.342041015625 0.7825520828125 0.336669921875 0.7890625 0.333251953125 0.7890625 0.322021484375 0.783203125 0.299560546875 0.7783203125 0.282958984375 0.7760416671875 0.27880859375 0.7734375 0.277099609375 0.7682291671875 0.27685546875 0.7063802078125 0.285888671875 0.69921875 0.292724609375 0.6988932296875 0.297607421875 0.7080078125 0.33447265625 0.7102864578125 0.341552734375 0.7132161453125 0.345458984375
17 0.81072233125 0.335693359375 0.81853483125 0.333984375 0.859224934375 0.329345703125 0.86638639375 0.326904296875 0.86736295625 0.32421875 0.866060871875 0.314208984375 0.859224934375 0.2783203125 0.85564420625 0.271484375 0.8452275390624999 0.270751953125 0.83123014375 0.27197265625 0.815279621875 0.27490234375 0.786959309375 0.277587890625 0.781099934375 0.280517578125 0.7797978515625 0.28369140625 0.789888996875 0.33154296875 0.7910214843750001 0.3373032234375 0.81072233125 0.335693359375