1 0.3515625 0.673828125 0.354736328125 0.6770833328125 0.362548828125 0.6774088546875 0.38037109375 0.6689453125 0.42578125 0.6448567703125 0.43310546875 0.63671875 0.43310546875 0.626953125 0.411376953125 0.5491536453125 0.407958984375 0.5393880203125 0.404296875 0.5354817703125 0.3974609375 0.5345052078125 0.390625 0.5374348953125 0.3564453125 0.556640625 0.334716796875 0.5670572921875 0.329833984375 0.5703125 0.3271484375 0.5748697921875 0.326904296875 0.5833333328125 0.3291015625 0.5953776046875 0.34912109375 0.66796875 0.3515625 0.673828125
1 0.208740234375 0.4505208328125 0.21337890625 0.474609375 0.216796875 0.4873046875 0.2216796875 0.4931640625 0.229248046875 0.4944661453125 0.2392578125 0.4918619796875 0.291015625 0.46484375 0.296875 0.4602864578125 0.298095703125 0.4573567703125 0.29833984375 0.4518229171875 0.296875 0.4440104171875 0.278564453125 0.369140625 0.27587890625 0.3626302078125 0.271728515625 0.3587239578125 0.2626953125 0.3561197921875 0.25732421875 0.3567708328125 0.251953125 0.361328125 0.2041015625 0.3870442703125 0.199462890625 0.3902994796875 0.197021484375 0.3948567703125 0.196533203125 0.4007161453125 0.19970703125 0.41796875 0.20654296875 0.4459635421875 0.208740234375 0.4505208328125
1 0.8486328125 0.6666666671875 0.8525390625 0.6682942703125 0.8681640625 0.6692708328125 0.937744140625 0.6692708328125 0.9423828125 0.66796875 0.9462890625 0.6643880203125 0.948486328125 0.6578776046875 0.948974609375 0.6442057296875 0.947509765625 0.5553385421875 0.946533203125 0.5462239578125 0.943359375 0.5397135421875 0.93896484375 0.5374348953125 0.93212890625 0.5367838546875 0.848876953125 0.5390625 0.841552734375 0.5419921875 0.8388671875 0.546875 0.83935546875 0.6419270828125 0.840087890625 0.6546223953125 0.843017578125 0.6617838546875 0.8486328125 0.6666666671875
11 0.693115234375 0.7649739578125 0.698974609375 0.7662760421875 0.70361328125 0.7633463546875 0.7099609375 0.755859375 0.747314453125 0.705078125 0.755615234375 0.6953125 0.760498046875 0.685546875 0.76025390625 0.6796875 0.758544921875 0.6754557296875 0.748046875 0.6608072921875 0.69921875 0.6015625 0.693115234375 0.5983072921875 0.685791015625 0.6015625 0.633544921875 0.6722005203125 0.631591796875 0.6783854171875 0.6318359375 0.6852213546875 0.637451171875 0.6959635421875 0.68994140625 0.7620442703125 0.693115234375 0.7649739578125
15 0.658203125 0.6318359375 0.661865234375 0.6328125 0.664794921875 0.6311848953125 0.6708984375 0.623046875 0.683349609375 0.6015625 0.69091796875 0.5843098953125 0.711181640625 0.546875 0.713623046875 0.5397135421875 0.713623046875 0.53515625 0.71142578125 0.5296223953125 0.70703125 0.5247395828125 0.65673828125 0.4807942703125 0.6416015625 0.4690755203125 0.636962890625 0.4690755203125 0.631591796875 0.4736328125 0.590087890625 0.5550130203125 0.588134765625 0.560546875 0.58837890625 0.5680338546875 0.593994140625 0.5758463546875 0.64794921875 0.6236979171875 0.658203125 0.6318359375
0 0.064697265625 0.64453125 0.087646484375 0.6526692703125 0.093994140625 0.65234375 0.103271484375 0.6484375 0.106689453125 0.6435546875 0.113525390625 0.6022135421875 0.11962890625 0.5618489578125 0.118896484375 0.5530598953125 0.116943359375 0.5498046875 0.110107421875 0.5462239578125 0.062255859375 0.5286458328125 0.050048828125 0.5276692703125 0.043212890625 0.5299479171875 0.039794921875 0.5361328125 0.03857421875 0.5426432296875 0.0283203125 0.6158854171875 0.0283203125 0.6233723953125 0.029541015625 0.6266276046875 0.032958984375 0.6298828125 0.064697265625 0.64453125
0 0.53564453125 0.7151692703125 0.53955078125 0.7184244796875 0.544921875 0.7184244796875 0.5576171875 0.7135416671875 0.6015625 0.6936848953125 0.616455078125 0.6858723953125 0.61962890625 0.6803385421875 0.619873046875 0.6741536453125 0.616455078125 0.658203125 0.593505859375 0.5777994796875 0.58837890625 0.5712890625 0.58154296875 0.5712890625 0.531005859375 0.5966796875 0.517578125 0.6022135421875 0.51171875 0.6057942703125 0.508544921875 0.6106770828125 0.508056640625 0.6168619796875 0.511962890625 0.6344401046875 0.532470703125 0.708984375 0.53564453125 0.7151692703125
6 0.32763671875 0.4326171875 0.33154296875 0.4358723953125 0.339599609375 0.4371744796875 0.34521484375 0.4348958328125 0.400634765625 0.3935546875 0.405517578125 0.3860677078125 0.40576171875 0.3815104171875 0.404541015625 0.3759765625 0.380126953125 0.3095703125 0.373291015625 0.2936197921875 0.3662109375 0.2864583328125 0.3623046875 0.2854817703125 0.354736328125 0.2893880203125 0.30712890625 0.3264973953125 0.298583984375 0.3349609375 0.2958984375 0.3427734375 0.295654296875 0.3453776046875 0.2998046875 0.3590494796875 0.320068359375 0.4150390625 0.32763671875 0.4326171875
17 0.262451171875 0.3548177078125 0.273193359375 0.357421875 0.29248046875 0.3453776046875 0.29931640625 0.33203125 0.331787109375 0.3072916671875 0.33447265625 0.3030598953125 0.334716796875 0.3001302078125 0.311279296875 0.22884114531250002 0.304443359375 0.2158203125 0.296875 0.2099609375 0.29296875 0.21028645781250002 0.2861328125 0.21354166718749998 0.235595703125 0.2516276046875 0.230224609375 0.2578125 0.230712890625 0.2692057296875 0.25146484375 0.3346354171875 0.257080078125 0.3499348953125 0.262451171875 0.3548177078125
18 0.250244140625 0.5944010421875 0.306884765625 0.6012369796875 0.313720703125 0.6009114578125 0.321044921875 0.59765625 0.3251953125 0.59375 0.326171875 0.58984375 0.329345703125 0.5234375 0.329833984375 0.498046875 0.328857421875 0.4921875 0.324462890625 0.4876302078125 0.31884765625 0.4866536453125 0.261474609375 0.482421875 0.25390625 0.482421875 0.248291015625 0.4840494796875 0.245361328125 0.4869791671875 0.242431640625 0.4938151046875 0.242919921875 0.5172526046875 0.2412109375 0.5501302078125 0.240966796875 0.5856119796875 0.242431640625 0.58984375 0.2451171875 0.5927734375 0.250244140625 0.5944010421875
18 0.562744140625 0.3251953125 0.571044921875 0.3313802078125 0.574951171875 0.3313802078125 0.577880859375 0.3297526046875 0.582275390625 0.32421875 0.623291015625 0.2568359375 0.628173828125 0.24674479218749998 0.62939453125 0.23697916718749998 0.62841796875 0.23079427031250002 0.6162109375 0.21744791718749998 0.574951171875 0.1748046875 0.567626953125 0.16796875 0.563232421875 0.1666666671875 0.5576171875 0.1708984375 0.55029296875 0.181640625 0.515380859375 0.240234375 0.508544921875 0.2548828125 0.508544921875 0.26171875 0.51611328125 0.2734375 0.53564453125 0.2939453125 0.562744140625 0.3251953125
4 0.634765625 0.3258463546875 0.68994140625 0.3336588546875 0.700439453125 0.3343098953125 0.710693359375 0.3317057296875 0.7158203125 0.328125 0.718017578125 0.3245442703125 0.728271484375 0.2236328125 0.7275390625 0.2138671875 0.72412109375 0.208984375 0.7197265625 0.20735677031250002 0.653564453125 0.1988932296875 0.640625 0.19921875 0.6357421875 0.203125 0.633544921875 0.2099609375 0.630859375 0.23046875 0.63037109375 0.24381510468749998 0.62646484375 0.2688802078125 0.622802734375 0.3072916671875 0.623046875 0.3170572921875 0.62646484375 0.3225911453125 0.634765625 0.3258463546875
18 0.5888671875 0.484375 0.591796875 0.4886067703125 0.598388671875 0.4889322921875 0.62939453125 0.4742838546875 0.659912109375 0.4563802078125 0.671875 0.4508463546875 0.6767578125 0.4456380203125 0.677001953125 0.4391276046875 0.6728515625 0.4225260421875 0.66650390625 0.4049479171875 0.65576171875 0.3668619796875 0.6474609375 0.341796875 0.64404296875 0.3362630203125 0.63671875 0.3356119796875 0.61376953125 0.3479817703125 0.565673828125 0.3759765625 0.561767578125 0.3792317703125 0.560302734375 0.3821614578125 0.560302734375 0.388671875 0.563232421875 0.4010416671875 0.584228515625 0.4723307296875 0.5888671875 0.484375
16 0.47705078125 0.4469401046875 0.536865234375 0.4459635421875 0.547119140625 0.443359375 0.552490234375 0.4391276046875 0.55322265625 0.3483072921875 0.552490234375 0.3349609375 0.549560546875 0.3277994796875 0.542724609375 0.3255208328125 0.53369140625 0.3255208328125 0.47314453125 0.3284505203125 0.466796875 0.3313802078125 0.463623046875 0.341796875 0.464111328125 0.4332682296875 0.467041015625 0.4436848953125 0.47021484375 0.4459635421875 0.47705078125 0.4469401046875
13 0.51220703125 0.5856119796875 0.515380859375 0.5865885421875 0.52099609375 0.5856119796875 0.577392578125 0.5589192703125 0.58837890625 0.5556640625 0.593505859375 0.546875 0.592041015625 0.5341796875 0.569091796875 0.4498697921875 0.564208984375 0.4404296875 0.5537109375 0.4404296875 0.490234375 0.4733072921875 0.486083984375 0.4762369796875 0.484130859375 0.4794921875 0.48388671875 0.4889322921875 0.50537109375 0.5709635421875 0.50927734375 0.5813802078125 0.51220703125 0.5856119796875
13 0.386962890625 0.791015625 0.390380859375 0.7978515625 0.39404296875 0.7998046875 0.40087890625 0.7985026046875 0.451171875 0.7776692703125 0.466796875 0.7688802078125 0.470703125 0.76171875 0.470947265625 0.7561848953125 0.46875 0.7447916671875 0.450439453125 0.673828125 0.4462890625 0.6608072921875 0.442626953125 0.6569010421875 0.435791015625 0.6578776046875 0.373046875 0.6865234375 0.3671875 0.6917317703125 0.365234375 0.6959635421875 0.365234375 0.7024739578125 0.36669921875 0.7099609375 0.380126953125 0.7652994796875 0.386962890625 0.791015625
9 0.272216796875 0.7298177078125 0.275634765625 0.7330729171875 0.279296875 0.7337239578125 0.339599609375 0.7112630203125 0.34912109375 0.7054036453125 0.35302734375 0.6995442703125 0.353271484375 0.6923828125 0.3515625 0.685546875 0.35107421875 0.6754557296875 0.34765625 0.6669921875 0.339111328125 0.6315104171875 0.3349609375 0.6201171875 0.33154296875 0.60546875 0.328125 0.5986328125 0.320068359375 0.5999348953125 0.264892578125 0.6220703125 0.2568359375 0.6263020828125 0.25341796875 0.6302083328125 0.25244140625 0.6334635421875 0.25244140625 0.6402994796875 0.25830078125 0.6712239578125 0.26953125 0.7229817703125 0.272216796875 0.7298177078125
12 0.685546875 0.4700520828125 0.689208984375 0.4749348953125 0.6962890625 0.4755859375 0.7041015625 0.4723307296875 0.765625 0.4410807296875 0.77490234375 0.435546875 0.77783203125 0.431640625 0.7783203125 0.4228515625 0.7724609375 0.4016927078125 0.750244140625 0.328125 0.744873046875 0.3193359375 0.7373046875 0.3196614578125 0.705322265625 0.3349609375 0.699951171875 0.3382161453125 0.697265625 0.3424479171875 0.689208984375 0.3447265625 0.664794921875 0.357421875 0.660400390625 0.3610026046875 0.657470703125 0.3668619796875 0.65771484375 0.373046875 0.670166015625 0.4143880203125 0.68115234375 0.4563802078125 0.685546875 0.4700520828125