11 0.18115234375 0.48828125 0.189697265625 0.4895833328125 0.195556640625 0.4876302078125 0.19970703125 0.4791666671875 0.207763671875 0.4322916671875 0.210205078125 0.4111328125 0.206298828125 0.4059244796875 0.184326171875 0.396484375 0.156494140625 0.38671875 0.148681640625 0.3870442703125 0.146240234375 0.3902994796875 0.14453125 0.3974609375 0.135009765625 0.4596354171875 0.134765625 0.4635416671875 0.136962890625 0.46875 0.146728515625 0.4742838546875 0.18115234375 0.48828125
7 0.365234375 0.6546223953125 0.36962890625 0.66015625 0.372802734375 0.6611328125 0.421875 0.6142578125 0.423583984375 0.6097005203125 0.419189453125 0.5963541671875 0.39892578125 0.5517578125 0.39453125 0.5432942703125 0.39013671875 0.5377604171875 0.38720703125 0.5361328125 0.38134765625 0.5374348953125 0.375 0.5423177078125 0.334228515625 0.5849609375 0.333984375 0.5891927078125 0.335693359375 0.595703125 0.3486328125 0.623046875 0.365234375 0.6546223953125
7 0.404296875 0.7379557296875 0.407470703125 0.7395833328125 0.412109375 0.7379557296875 0.447021484375 0.7093098953125 0.459228515625 0.6959635421875 0.45947265625 0.6917317703125 0.457763671875 0.6848958328125 0.443603515625 0.6455078125 0.4345703125 0.6272786453125 0.42529296875 0.6158854171875 0.4189453125 0.6188151046875 0.373779296875 0.6604817703125 0.373291015625 0.6702473953125 0.376220703125 0.6787109375 0.40185546875 0.734375 0.404296875 0.7379557296875
8 0.314453125 0.4625651046875 0.32177734375 0.4641927078125 0.326171875 0.4622395828125 0.3525390625 0.4475911453125 0.37646484375 0.431640625 0.376953125 0.4248046875 0.36962890625 0.3942057296875 0.35791015625 0.35546875 0.3564453125 0.3522135421875 0.3525390625 0.3483072921875 0.3466796875 0.34765625 0.337646484375 0.3515625 0.30078125 0.3720703125 0.294677734375 0.3763020828125 0.291748046875 0.3811848953125 0.29248046875 0.3909505203125 0.302978515625 0.4319661453125 0.309814453125 0.4563802078125 0.314453125 0.4625651046875
8 0.467041015625 0.708984375 0.4697265625 0.7102864578125 0.473876953125 0.7099609375 0.4912109375 0.7014973953125 0.526123046875 0.6832682296875 0.53125 0.6761067703125 0.53173828125 0.66796875 0.527587890625 0.6510416671875 0.52099609375 0.6328125 0.51220703125 0.6018880203125 0.508544921875 0.5921223953125 0.507080078125 0.5908203125 0.505126953125 0.58984375 0.498291015625 0.5908203125 0.489501953125 0.5970052078125 0.470703125 0.6051432296875 0.446533203125 0.6194661453125 0.44287109375 0.6233723953125 0.442138671875 0.6295572921875 0.444091796875 0.6389973953125 0.4638671875 0.7027994796875 0.467041015625 0.708984375
12 0.32080078125 0.3470052078125 0.334228515625 0.345703125 0.36376953125 0.3326822921875 0.380126953125 0.3229166671875 0.3837890625 0.3177083328125 0.3818359375 0.3037109375 0.374755859375 0.2867838546875 0.37353515625 0.2763671875 0.368896484375 0.2568359375 0.367431640625 0.244140625 0.364013671875 0.23372395781250002 0.362548828125 0.23209635468749998 0.35595703125 0.23177083281250002 0.30712890625 0.2548828125 0.302001953125 0.2587890625 0.30078125 0.265625 0.300537109375 0.2688802078125 0.314208984375 0.3326822921875 0.316650390625 0.3408203125 0.32080078125 0.3470052078125
12 0.3828125 0.3014322921875 0.386962890625 0.302734375 0.39453125 0.3014322921875 0.442626953125 0.2805989578125 0.447021484375 0.2757161453125 0.44775390625 0.271484375 0.447021484375 0.2630208328125 0.435546875 0.20345052031250002 0.432373046875 0.1923828125 0.42724609375 0.1842447921875 0.421630859375 0.1832682296875 0.393798828125 0.1956380203125 0.366455078125 0.20930989531250002 0.363525390625 0.21354166718749998 0.363525390625 0.22135416718749998 0.371337890625 0.2646484375 0.37890625 0.2962239578125 0.3828125 0.3014322921875
12 0.2548828125 0.3779296875 0.26611328125 0.3802083328125 0.27587890625 0.3753255203125 0.310791015625 0.3649088546875 0.317626953125 0.359375 0.318359375 0.3486328125 0.314697265625 0.3388671875 0.304443359375 0.28515625 0.30029296875 0.2718098953125 0.296630859375 0.2708333328125 0.2900390625 0.2724609375 0.248291015625 0.2861328125 0.244140625 0.2887369796875 0.2412109375 0.2932942703125 0.2412109375 0.3063151046875 0.25 0.3662109375 0.251708984375 0.373046875 0.2548828125 0.3779296875
12 0.48681640625 0.5530598953125 0.49658203125 0.5712890625 0.501220703125 0.5745442703125 0.50537109375 0.5735677078125 0.55517578125 0.5299479171875 0.558349609375 0.5227864578125 0.55224609375 0.5071614578125 0.5380859375 0.4772135421875 0.523681640625 0.4495442703125 0.51904296875 0.4466145828125 0.515380859375 0.4479166671875 0.508544921875 0.4534505203125 0.47607421875 0.4837239578125 0.470458984375 0.4873046875 0.464599609375 0.4947916671875 0.463623046875 0.498046875 0.46337890625 0.5016276046875 0.467041015625 0.5123697921875 0.478759765625 0.5338541671875 0.48681640625 0.5530598953125
21 0.429931640625 0.6197916671875 0.435302734375 0.625 0.440673828125 0.6240234375 0.47216796875 0.599609375 0.490966796875 0.5830078125 0.492919921875 0.578125 0.489990234375 0.5647786453125 0.477783203125 0.5358072921875 0.468994140625 0.5198567703125 0.46435546875 0.5071614578125 0.4599609375 0.5022786453125 0.456298828125 0.5016276046875 0.451904296875 0.5035807296875 0.404052734375 0.5423177078125 0.401611328125 0.5478515625 0.40185546875 0.5537109375 0.404052734375 0.5602213546875 0.425048828125 0.6097005203125 0.429931640625 0.6197916671875
21 0.42138671875 0.5094401046875 0.463134765625 0.48828125 0.473388671875 0.4817708328125 0.477783203125 0.4765625 0.4775390625 0.4697265625 0.474365234375 0.4567057296875 0.469482421875 0.4446614578125 0.4638671875 0.4251302078125 0.4541015625 0.3974609375 0.453125 0.3948567703125 0.4501953125 0.3922526046875 0.439453125 0.3955078125 0.4130859375 0.4104817703125 0.392578125 0.4235026046875 0.390625 0.4270833328125 0.390625 0.4352213546875 0.409423828125 0.5016276046875 0.4150390625 0.5094401046875 0.42138671875 0.5094401046875
3 0.34814453125 0.5475260421875 0.35205078125 0.5501302078125 0.355712890625 0.5504557296875 0.36083984375 0.5481770828125 0.40771484375 0.5201822921875 0.4111328125 0.5172526046875 0.4130859375 0.5133463546875 0.4130859375 0.5107421875 0.41015625 0.5052083328125 0.402099609375 0.4798177078125 0.390869140625 0.4391276046875 0.387939453125 0.4342447921875 0.383544921875 0.4326171875 0.379150390625 0.4329427078125 0.366943359375 0.4391276046875 0.330810546875 0.4622395828125 0.327880859375 0.4645182296875 0.325439453125 0.4694010421875 0.3251953125 0.4739583328125 0.32763671875 0.4837239578125 0.345703125 0.5432942703125 0.34814453125 0.5475260421875
2 0.5751953125 0.7307942703125 0.583740234375 0.7314453125 0.604248046875 0.7242838546875 0.63818359375 0.7109375 0.6435546875 0.7063802078125 0.643798828125 0.6959635421875 0.623291015625 0.6165364578125 0.62109375 0.6136067703125 0.6162109375 0.6126302078125 0.58935546875 0.625 0.566162109375 0.6324869796875 0.5576171875 0.6370442703125 0.553955078125 0.6402994796875 0.552978515625 0.6429036453125 0.55322265625 0.65234375 0.556396484375 0.6650390625 0.57080078125 0.7210286453125 0.5751953125 0.7307942703125
5 0.762451171875 0.6546223953125 0.76611328125 0.6546223953125 0.771240234375 0.6516927078125 0.8115234375 0.6119791671875 0.82080078125 0.6022135421875 0.8251953125 0.5953776046875 0.824951171875 0.5908203125 0.82177734375 0.5836588546875 0.782958984375 0.5231119796875 0.779052734375 0.5179036453125 0.77587890625 0.5159505203125 0.77001953125 0.5166015625 0.764892578125 0.5211588546875 0.718994140625 0.5699869796875 0.7158203125 0.5755208328125 0.71630859375 0.5823567703125 0.720458984375 0.58984375 0.755126953125 0.6455078125 0.762451171875 0.6546223953125
14 0.4453125 0.8108723953125001 0.4833984375 0.8128255203125001 0.4990234375 0.8131510421874999 0.50537109375 0.810546875 0.507568359375 0.8043619796874999 0.508056640625 0.7962239578125 0.507080078125 0.7330729171875 0.50634765625 0.7200520828125 0.505126953125 0.716796875 0.49951171875 0.7145182296875 0.4453125 0.7141927078125 0.439453125 0.716796875 0.43603515625 0.7223307296875 0.4375 0.7972005203125 0.438232421875 0.8037109375 0.43994140625 0.8079427078125001 0.4453125 0.8108723953125001
10 0.390380859375 0.4228515625 0.447998046875 0.390625 0.450439453125 0.3873697921875 0.45068359375 0.3811848953125 0.43310546875 0.3212890625 0.4287109375 0.30859375 0.4228515625 0.3024088546875 0.418212890625 0.3020833328125 0.404541015625 0.3092447921875 0.368896484375 0.3310546875 0.365234375 0.333984375 0.36279296875 0.3385416671875 0.363037109375 0.3463541671875 0.3828125 0.4147135421875 0.38427734375 0.4182942703125 0.390380859375 0.4228515625
10 0.327880859375 0.7412109375 0.331298828125 0.7444661453125 0.335205078125 0.7447916671875 0.340576171875 0.7412109375 0.380859375 0.7044270828125 0.3837890625 0.6995442703125 0.380859375 0.6901041671875 0.375732421875 0.6809895828125 0.3720703125 0.6712239578125 0.3701171875 0.662109375 0.35888671875 0.6438802078125 0.353515625 0.6311848953125 0.34912109375 0.6256510421875 0.34521484375 0.6259765625 0.336669921875 0.6324869796875 0.300537109375 0.6663411453125 0.2978515625 0.6725260421875 0.297607421875 0.6754557296875 0.300048828125 0.6861979171875 0.32470703125 0.7353515625 0.327880859375 0.7412109375
11 0.275390625 0.7151692703125 0.286376953125 0.7164713546875 0.291259765625 0.71484375 0.296630859375 0.7067057296875 0.297607421875 0.7008463546875 0.29833984375 0.6888020828125 0.296875 0.6774088546875 0.297607421875 0.6695963546875 0.299560546875 0.6647135421875 0.30078125 0.6510416671875 0.30029296875 0.6292317703125 0.296875 0.6253255203125 0.261962890625 0.6194661453125 0.24462890625 0.6181640625 0.23779296875 0.6197916671875 0.234619140625 0.6233723953125 0.23388671875 0.6266276046875 0.2314453125 0.6764322921875 0.23095703125 0.6995442703125 0.234130859375 0.7067057296875 0.243896484375 0.7099609375 0.275390625 0.7151692703125
19 0.251708984375 0.4977213546875 0.258056640625 0.4983723953125 0.26953125 0.4915364578125 0.30517578125 0.4619140625 0.308349609375 0.45703125 0.305419921875 0.4427083328125 0.29443359375 0.412109375 0.281494140625 0.3837890625 0.276123046875 0.3798828125 0.27197265625 0.3795572921875 0.26416015625 0.3834635421875 0.233154296875 0.4111328125 0.22314453125 0.4225260421875 0.22314453125 0.4290364578125 0.2265625 0.4391276046875 0.247314453125 0.4912109375 0.251708984375 0.4977213546875
19 0.5546875 0.41796875 0.561767578125 0.416015625 0.5888671875 0.3938802078125 0.591796875 0.3893229171875 0.610595703125 0.373046875 0.6162109375 0.3658854171875 0.6162109375 0.3610026046875 0.613037109375 0.3522135421875 0.58154296875 0.2884114578125 0.578369140625 0.2848307296875 0.572021484375 0.2864583328125 0.556396484375 0.3001302078125 0.5263671875 0.3274739578125 0.517578125 0.3385416671875 0.517578125 0.3450520828125 0.52490234375 0.3610026046875 0.548583984375 0.4088541671875 0.5546875 0.41796875
19 0.48779296875 0.353515625 0.4912109375 0.3525390625 0.518310546875 0.3330078125 0.546875 0.3072916671875 0.54833984375 0.3040364578125 0.547607421875 0.296875 0.519287109375 0.23046875 0.516357421875 0.22526041718749998 0.512451171875 0.22135416718749998 0.5078125 0.22200520781250002 0.5009765625 0.22721354218749998 0.458740234375 0.263671875 0.454345703125 0.26953125 0.45361328125 0.2760416671875 0.456787109375 0.2861328125 0.48291015625 0.3486328125 0.48779296875 0.353515625
9 0.194580078125 0.3987630203125 0.201904296875 0.4000651046875 0.210693359375 0.3984375 0.248291015625 0.3850911453125 0.253662109375 0.380859375 0.248779296875 0.3626302078125 0.240234375 0.3001302078125 0.238525390625 0.2958984375 0.231689453125 0.294921875 0.209716796875 0.302734375 0.183349609375 0.3134765625 0.1806640625 0.3186848953125 0.1806640625 0.328125 0.18212890625 0.3375651046875 0.19189453125 0.3932291671875 0.194580078125 0.3987630203125
10 0.484130859375 0.4661458328125 0.4912109375 0.46484375 0.509033203125 0.451171875 0.541015625 0.4296875 0.54443359375 0.4231770828125 0.5439453125 0.4153645828125 0.5205078125 0.3538411453125 0.5166015625 0.3453776046875 0.51220703125 0.3404947921875 0.504638671875 0.3434244796875 0.471923828125 0.3678385421875 0.457763671875 0.37890625 0.453125 0.3857421875 0.45361328125 0.3938802078125 0.4765625 0.45703125 0.479736328125 0.4635416671875 0.484130859375 0.4661458328125
8 0.584228515625 0.625 0.59033203125 0.6236979171875 0.611572265625 0.6103515625 0.640625 0.5882161453125 0.647216796875 0.58203125 0.64892578125 0.5787760421875 0.644775390625 0.5647786453125 0.62109375 0.5091145828125 0.6162109375 0.5 0.613037109375 0.4964192703125 0.609130859375 0.4964192703125 0.603515625 0.5 0.555419921875 0.5345052078125 0.551513671875 0.5400390625 0.55078125 0.5472005203125 0.55419921875 0.5569661453125 0.5771484375 0.61328125 0.584228515625 0.625
20 0.564208984375 0.5263671875 0.56787109375 0.525390625 0.623291015625 0.4850260421875 0.626708984375 0.4781901046875 0.62548828125 0.4703776046875 0.61865234375 0.4557291671875 0.61572265625 0.4459635421875 0.596923828125 0.4039713546875 0.592041015625 0.3968098953125 0.587890625 0.396484375 0.583740234375 0.3984375 0.532470703125 0.4391276046875 0.529541015625 0.4440104171875 0.529052734375 0.4495442703125 0.538330078125 0.4739583328125 0.558837890625 0.5201822921875 0.564208984375 0.5263671875
20 0.65185546875 0.58203125 0.657958984375 0.5914713546875 0.661376953125 0.5930989578125 0.670654296875 0.5891927078125 0.69677734375 0.5709635421875 0.7216796875 0.552734375 0.725830078125 0.5472005203125 0.726318359375 0.5432942703125 0.724365234375 0.5358072921875 0.694091796875 0.466796875 0.689208984375 0.4606119796875 0.685302734375 0.4602864578125 0.6748046875 0.466796875 0.637451171875 0.4944661453125 0.62451171875 0.5055338546875 0.62255859375 0.5091145828125 0.623291015625 0.5152994796875 0.625244140625 0.5201822921875 0.65185546875 0.58203125
11 0.215087890625 0.60546875 0.2177734375 0.6087239578125 0.223876953125 0.6097005203125 0.235595703125 0.603515625 0.273681640625 0.5817057296875 0.27685546875 0.5774739578125 0.27734375 0.5729166671875 0.2763671875 0.5677083328125 0.2666015625 0.5393880203125 0.262939453125 0.533203125 0.260986328125 0.5263671875 0.259033203125 0.5107421875 0.2548828125 0.5013020828125 0.250244140625 0.4993489578125 0.241455078125 0.5013020828125 0.203125 0.5244140625 0.197021484375 0.529296875 0.195068359375 0.5338541671875 0.19580078125 0.5406901046875 0.20458984375 0.5690104171875 0.212158203125 0.5986328125 0.215087890625 0.60546875
7 0.29248046875 0.5862630203125 0.296630859375 0.5885416671875 0.300048828125 0.5885416671875 0.311279296875 0.5794270828125 0.3427734375 0.546875 0.344482421875 0.5436197921875 0.343505859375 0.5358072921875 0.329345703125 0.4954427078125 0.31787109375 0.4739583328125 0.31103515625 0.4680989578125 0.3037109375 0.46875 0.263916015625 0.5110677078125 0.260986328125 0.5169270828125 0.26123046875 0.5234375 0.264404296875 0.533203125 0.28955078125 0.5817057296875 0.29248046875 0.5862630203125