0 0.421142578125 0.3011067703125 0.424072265625 0.3037109375 0.43212890625 0.3033854171875 0.44189453125 0.2939453125 0.4833984375 0.271484375 0.48388671875 0.2679036453125 0.48291015625 0.2620442703125 0.470458984375 0.21907552031250002 0.468017578125 0.21256510468749998 0.465087890625 0.2099609375 0.459716796875 0.2099609375 0.420166015625 0.22298177031250002 0.41015625 0.22721354218749998 0.407470703125 0.22916666718749998 0.406005859375 0.232421875 0.40576171875 0.23665364531250002 0.40771484375 0.248046875 0.419921875 0.2975260421875 0.421142578125 0.3011067703125
0 0.364501953125 0.3460286453125 0.369384765625 0.3518880203125 0.37548828125 0.3538411453125 0.378662109375 0.3522135421875 0.383544921875 0.3466796875 0.415283203125 0.3069661453125 0.417236328125 0.3030598953125 0.418701171875 0.2958984375 0.416748046875 0.2861328125 0.406494140625 0.2747395828125 0.388427734375 0.2584635421875 0.375 0.24837239531250002 0.371337890625 0.24739583281250002 0.366455078125 0.24967447968749998 0.359130859375 0.2578125 0.335693359375 0.2845052078125 0.3271484375 0.2972005203125 0.32666015625 0.3037109375 0.328125 0.3082682296875 0.3408203125 0.326171875 0.364501953125 0.3460286453125
0 0.536376953125 0.5169270828125 0.548095703125 0.51953125 0.552734375 0.5188802078125 0.555419921875 0.5159505203125 0.558349609375 0.5048828125 0.5693359375 0.4518229171875 0.571044921875 0.4322916671875 0.568115234375 0.4270833328125 0.56103515625 0.4244791671875 0.512939453125 0.4114583328125 0.50390625 0.4111328125 0.50146484375 0.4134114578125 0.499267578125 0.4186197921875 0.484619140625 0.4772135421875 0.48388671875 0.4947916671875 0.486328125 0.4993489578125 0.490966796875 0.5029296875 0.536376953125 0.5169270828125
0 0.81005859375 0.509765625 0.85693359375 0.5162760421875 0.86572265625 0.5159505203125 0.869873046875 0.513671875 0.875732421875 0.5048828125 0.876220703125 0.4905598953125 0.872314453125 0.4388020828125 0.8701171875 0.4248046875 0.867919921875 0.4215494796875 0.861328125 0.4182942703125 0.848876953125 0.416015625 0.80029296875 0.41015625 0.7958984375 0.4124348953125 0.79248046875 0.4173177078125 0.7890625 0.4309895828125 0.791015625 0.4931640625 0.7919921875 0.498046875 0.794189453125 0.5016276046875 0.81005859375 0.509765625
17 0.785888671875 0.6171875 0.811279296875 0.6373697921875 0.817626953125 0.640625 0.82080078125 0.6399739578125 0.824462890625 0.6376953125 0.83203125 0.6263020828125 0.857177734375 0.5709635421875 0.860595703125 0.560546875 0.860595703125 0.5569661453125 0.85693359375 0.5501302078125 0.83154296875 0.529296875 0.8037109375 0.5084635421875 0.79248046875 0.5032552078125 0.7900390625 0.5045572921875 0.78564453125 0.5100911453125 0.773681640625 0.5358072921875 0.7685546875 0.5436197921875 0.76025390625 0.5618489578125 0.754638671875 0.5712890625 0.75146484375 0.580078125 0.75146484375 0.5862630203125 0.755126953125 0.591796875 0.767578125 0.6005859375 0.785888671875 0.6171875
17 0.44921875 0.349609375 0.459716796875 0.373046875 0.463134765625 0.376953125 0.46826171875 0.3766276046875 0.509521484375 0.3525390625 0.51904296875 0.3466796875 0.521484375 0.3421223953125 0.521484375 0.3313802078125 0.51953125 0.3238932296875 0.49853515625 0.2796223953125 0.491943359375 0.2711588546875 0.485595703125 0.2721354171875 0.4423828125 0.2952473953125 0.43798828125 0.2985026046875 0.43408203125 0.3050130203125 0.43408203125 0.3102213546875 0.43896484375 0.3251953125 0.443359375 0.3326822921875 0.44921875 0.349609375
17 0.326904296875 0.5631510421875 0.330322265625 0.5647786453125 0.33349609375 0.5641276046875 0.33837890625 0.5598958328125 0.3798828125 0.5094401046875 0.383544921875 0.501953125 0.38134765625 0.4908854171875 0.375244140625 0.4807942703125 0.34521484375 0.4459635421875 0.33544921875 0.4378255203125 0.3310546875 0.4384765625 0.327880859375 0.4407552078125 0.303955078125 0.4664713546875 0.28125 0.4944661453125 0.280029296875 0.4977213546875 0.2802734375 0.5009765625 0.285400390625 0.5104166671875 0.326904296875 0.5631510421875
4 0.2412109375 0.4993489578125 0.243896484375 0.5 0.2470703125 0.4990234375 0.25537109375 0.4925130203125 0.297607421875 0.4514973953125 0.300048828125 0.4462890625 0.300048828125 0.4427083328125 0.297119140625 0.4345703125 0.29150390625 0.423828125 0.266357421875 0.3873697921875 0.262451171875 0.3824869796875 0.259033203125 0.3805338546875 0.252685546875 0.3828125 0.206298828125 0.4248046875 0.203369140625 0.4296875 0.20263671875 0.4358723953125 0.209716796875 0.4495442703125 0.237060546875 0.4944661453125 0.2412109375 0.4993489578125
4 0.545654296875 0.23404947968749998 0.550048828125 0.23860677031250002 0.5537109375 0.23828125 0.581787109375 0.2265625 0.602294921875 0.216796875 0.605712890625 0.212890625 0.607177734375 0.20052083281250002 0.60595703125 0.1927083328125 0.58837890625 0.15625 0.581787109375 0.1471354171875 0.577880859375 0.1461588546875 0.571044921875 0.1474609375 0.534423828125 0.1627604171875 0.529296875 0.1653645828125 0.526123046875 0.1686197921875 0.525634765625 0.1751302078125 0.52880859375 0.1927083328125 0.541259765625 0.22005208281250002 0.545654296875 0.23404947968749998
4 0.8759765625 0.658203125 0.880126953125 0.6637369796875 0.883056640625 0.6653645828125 0.89453125 0.6656901046875 0.948486328125 0.6617838546875 0.957763671875 0.6585286453125 0.9638671875 0.6546223953125 0.9658203125 0.6510416671875 0.96630859375 0.6438802078125 0.96044921875 0.615234375 0.946533203125 0.5621744796875 0.943115234375 0.5550130203125 0.93798828125 0.5524088546875 0.9267578125 0.5517578125 0.8701171875 0.5556640625 0.86328125 0.5592447921875 0.860107421875 0.5673828125 0.85986328125 0.5755208328125 0.86181640625 0.5882161453125 0.872802734375 0.6458333328125 0.8759765625 0.658203125
18 0.650390625 0.7242838546875 0.66455078125 0.7281901046875 0.66845703125 0.7275390625 0.67236328125 0.7236328125 0.675537109375 0.7135416671875 0.68603515625 0.6256510421875 0.68310546875 0.6194661453125 0.677978515625 0.6162109375 0.65087890625 0.6067708328125 0.613037109375 0.595703125 0.60888671875 0.595703125 0.605224609375 0.5989583328125 0.602783203125 0.6057942703125 0.593505859375 0.6572265625 0.590087890625 0.6822916671875 0.589599609375 0.6959635421875 0.590576171875 0.6995442703125 0.595458984375 0.7041015625 0.650390625 0.7242838546875
18 0.43505859375 0.5139973953125 0.439208984375 0.5123697921875 0.447509765625 0.5052083328125 0.48193359375 0.4729817703125 0.487060546875 0.4638671875 0.489990234375 0.4521484375 0.48974609375 0.4459635421875 0.460693359375 0.4055989578125 0.45654296875 0.3981119796875 0.449462890625 0.3909505203125 0.446044921875 0.3909505203125 0.438232421875 0.3961588546875 0.3974609375 0.431640625 0.39208984375 0.4391276046875 0.39306640625 0.4488932296875 0.397216796875 0.458984375 0.43115234375 0.5120442703125 0.43505859375 0.5139973953125
18 0.21142578125 0.3974609375 0.216552734375 0.3990885421875 0.222900390625 0.3942057296875 0.258544921875 0.3538411453125 0.2626953125 0.3483072921875 0.264404296875 0.3424479171875 0.263671875 0.3372395828125 0.2587890625 0.3264973953125 0.22705078125 0.29296875 0.220703125 0.2893880203125 0.21484375 0.2916666671875 0.206298828125 0.2998046875 0.180908203125 0.3274739578125 0.170654296875 0.3414713546875 0.17041015625 0.3450520828125 0.171630859375 0.3483072921875 0.185546875 0.3668619796875 0.21142578125 0.3974609375
18 0.609619140625 0.3528645828125 0.61279296875 0.3518880203125 0.6421711421875 0.31597233125 0.6455078125 0.3131510421875 0.651611328125 0.3108723953125 0.65673828125 0.3001302078125 0.657958984375 0.2926432296875 0.656982421875 0.2864583328125 0.654296875 0.2828776046875 0.61767578125 0.2506510421875 0.609619140625 0.24576822968749998 0.605712890625 0.24544270781250002 0.595458984375 0.2555338546875 0.5712890625 0.2848307296875 0.565673828125 0.2936197921875 0.564697265625 0.296875 0.5654296875 0.310546875 0.577880859375 0.3245442703125 0.609619140625 0.3528645828125
13 0.228271484375 0.22819010468749998 0.232666015625 0.2294921875 0.236328125 0.22786458281250002 0.24560546875 0.2177734375 0.271484375 0.1861979171875 0.273193359375 0.1822916671875 0.2734375 0.1783854171875 0.27099609375 0.1682942703125 0.265625 0.1617838546875 0.234375 0.1383463546875 0.229248046875 0.1370442703125 0.2265625 0.1380208328125 0.2138671875 0.1507161453125 0.192626953125 0.1751302078125 0.18798828125 0.1829427078125 0.188720703125 0.1888020828125 0.195068359375 0.20149739531250002 0.222900390625 0.22233072968749998 0.228271484375 0.22819010468749998
7 0.635009765625 0.265625 0.647216796875 0.2747395828125 0.658935546875 0.2692057296875 0.69287109375 0.24934895781250002 0.69580078125 0.2412109375 0.6962890625 0.232421875 0.69482421875 0.22721354218749998 0.671875 0.189453125 0.665771484375 0.1806640625 0.661865234375 0.1783854171875 0.6572265625 0.1793619796875 0.614501953125 0.2021484375 0.610595703125 0.20572916718749998 0.60791015625 0.21321614531250002 0.607177734375 0.22037760468749998 0.608154296875 0.2236328125 0.621826171875 0.2516276046875 0.635009765625 0.265625
7 0.735107421875 0.21419270781250002 0.741455078125 0.21354166718749998 0.75146484375 0.21842447968749998 0.771240234375 0.23111979218749998 0.775146484375 0.2314453125 0.777587890625 0.22786458281250002 0.78662109375 0.20182291718749998 0.793701171875 0.1790364578125 0.794677734375 0.1715494796875 0.79296875 0.1682942703125 0.78662109375 0.1643880203125 0.74755859375 0.1474609375 0.738525390625 0.1451822921875 0.735595703125 0.1458333328125 0.733154296875 0.1477864578125 0.729248046875 0.1559244796875 0.716552734375 0.1907552078125 0.712646484375 0.20768229218749998 0.713623046875 0.2138671875 0.723876953125 0.2197265625 0.730712890625 0.21940104218749998 0.735107421875 0.21419270781250002
7 0.28271484375 0.3238932296875 0.28662109375 0.3232421875 0.31591796875 0.2981770828125 0.32958984375 0.2848307296875 0.332275390625 0.2809244796875 0.333251953125 0.2763671875 0.33251953125 0.2688802078125 0.3291015625 0.2610677078125 0.301513671875 0.22395833281250002 0.297119140625 0.220703125 0.293212890625 0.22102864531250002 0.272705078125 0.23697916718749998 0.248046875 0.2578125 0.245361328125 0.2630208328125 0.24560546875 0.2688802078125 0.254638671875 0.2864583328125 0.27880859375 0.3219401046875 0.28271484375 0.3238932296875
6 0.530517578125 0.1575520828125 0.532470703125 0.1617838546875 0.57421875 0.146484375 0.58203125 0.1474609375 0.58837890625 0.1555989578125 0.591796875 0.1533203125 0.59326171875 0.1363932296875 0.585693359375 0.09212239531250001 0.5830078125 0.087890625 0.574462890625 0.08658854218749999 0.551513671875 0.08951822968749999 0.52978515625 0.09309895781250001 0.52587890625 0.09537760468749999 0.524658203125 0.0986328125 0.524658203125 0.1044921875 0.528076171875 0.1409505203125 0.530517578125 0.1575520828125
19 0.623779296875 0.5087890625 0.6474609375 0.5130208328125 0.65087890625 0.5071614578125 0.654541015625 0.4912109375 0.662109375 0.4332682296875 0.662353515625 0.4251302078125 0.654296875 0.4176432296875 0.60205078125 0.4049479171875 0.594482421875 0.404296875 0.592041015625 0.4052734375 0.58837890625 0.4114583328125 0.576171875 0.4759114578125 0.576416015625 0.4905598953125 0.578369140625 0.4944661453125 0.581298828125 0.4964192703125 0.623779296875 0.5087890625
7 0.541259765625 0.69140625 0.5498046875 0.6998697921875 0.556640625 0.7044270828125 0.56103515625 0.705078125 0.56591796875 0.6995442703125 0.588623046875 0.6471354171875 0.599365234375 0.6204427078125 0.600341796875 0.6123046875 0.599609375 0.609375 0.595703125 0.60546875 0.5673828125 0.5849609375 0.539794921875 0.5660807296875 0.53271484375 0.564453125 0.52734375 0.5699869796875 0.496337890625 0.6331380203125 0.49365234375 0.6419270828125 0.494384765625 0.65234375 0.4970703125 0.6572265625 0.501220703125 0.6614583328125 0.541259765625 0.69140625
9 0.48974609375 0.630859375 0.4951171875 0.6321614578125 0.497314453125 0.6298828125 0.53125 0.5618489578125 0.533447265625 0.5550130203125 0.53369140625 0.5465494796875 0.5318195796875 0.5421005859375 0.526123046875 0.5364583328125 0.478759765625 0.5065104171875 0.47412109375 0.50390625 0.469970703125 0.50390625 0.466064453125 0.5071614578125 0.460205078125 0.5179036453125 0.434814453125 0.5709635421875 0.431884765625 0.5791015625 0.431884765625 0.5846354171875 0.433349609375 0.5888671875 0.438720703125 0.5960286453125 0.48974609375 0.630859375
12 0.703369140625 0.3643662109375 0.703369140625 0.373046875 0.710205078125 0.3798828125 0.7197265625 0.3860677078125 0.72412109375 0.3857421875 0.730712890625 0.3782552078125 0.759765625 0.3388671875 0.765869140625 0.3251953125 0.765625 0.3206380203125 0.762451171875 0.314453125 0.72119140625 0.2786458328125 0.71337890625 0.275390625 0.706298828125 0.27734375 0.67529296875 0.3138020828125 0.669921875 0.3238932296875 0.675048828125 0.33203125 0.6943359375 0.3483072921875 0.701416015625 0.3567708328125 0.703369140625 0.3643662109375
16 0.722900390625 0.2789713546875 0.7421875 0.2939453125 0.759033203125 0.310546875 0.765625 0.3128255203125 0.79052734375 0.2659505203125 0.79443359375 0.2552083328125 0.794677734375 0.2509765625 0.7939453125 0.248046875 0.790283203125 0.24446614531250002 0.77587890625 0.23470052031250002 0.74755859375 0.21744791718749998 0.73779296875 0.2138671875 0.733642578125 0.21647135468749998 0.73046875 0.22102864531250002 0.727783203125 0.22721354218749998 0.7099609375 0.255859375 0.705810546875 0.2662760421875 0.70556640625 0.2718098953125 0.70654296875 0.2750651046875 0.711181640625 0.2734375 0.722900390625 0.2789713546875
9 0.788330078125 0.416015625 0.79150390625 0.4156901046875 0.80078125 0.4095052078125 0.841064453125 0.4150390625 0.845947265625 0.4147135421875 0.84765625 0.4127604171875 0.8486328125 0.4078776046875 0.84912109375 0.3479817703125 0.84814453125 0.3424479171875 0.845703125 0.3388671875 0.83837890625 0.3359375 0.804443359375 0.3277994796875 0.786376953125 0.3245442703125 0.779296875 0.3245442703125 0.77685546875 0.3268229171875 0.77490234375 0.3317057296875 0.771484375 0.35546875 0.7705078125 0.3873697921875 0.768798828125 0.4046223953125 0.772216796875 0.4114583328125 0.788330078125 0.416015625
11 0.640380859375 0.4124348953125 0.65966796875 0.4195963546875 0.661376953125 0.4215494796875 0.664794921875 0.4215494796875 0.697265625 0.3802083328125 0.700927734375 0.3736979171875 0.702880859375 0.3623046875 0.70068359375 0.3561197921875 0.693603515625 0.3486328125 0.664306640625 0.3212890625 0.652099609375 0.3125 0.649169921875 0.3121744796875 0.641845703125 0.3170572921875 0.61083984375 0.3544921875 0.60595703125 0.3626302078125 0.6044921875 0.3704427078125 0.6044921875 0.3756510421875 0.60595703125 0.3802083328125 0.6337890625 0.4085286453125 0.640380859375 0.4124348953125
20 0.879638671875 0.8671875 0.886962890625 0.8665364578125001 0.890869140625 0.8623046875 0.89404296875 0.8518880203125001 0.899658203125 0.7763671875 0.899169921875 0.7548828125 0.897705078125 0.7513020828125 0.89404296875 0.7473958328125 0.887451171875 0.7438151046875 0.83251953125 0.7220052078125 0.818359375 0.7174479171875 0.81396484375 0.7180989578125 0.80859375 0.7236328125 0.8056640625 0.7307942703125 0.795654296875 0.8147786453125001 0.7958984375 0.8277994796874999 0.802490234375 0.8352864578125001 0.86962890625 0.8642578125 0.879638671875 0.8671875
0 0.3037109375 0.4127604171875 0.307373046875 0.4127604171875 0.31396484375 0.408203125 0.3525390625 0.3704427078125 0.3564453125 0.3655598953125 0.357421875 0.361328125 0.3564453125 0.3525390625 0.351806640625 0.341796875 0.319580078125 0.3033854171875 0.315185546875 0.3014322921875 0.310791015625 0.302734375 0.305419921875 0.3069661453125 0.28271484375 0.3284505203125 0.266357421875 0.3463541671875 0.263671875 0.3512369796875 0.26416015625 0.35546875 0.267822265625 0.3626302078125 0.285400390625 0.388671875 0.3037109375 0.4127604171875