5 0.314208984375 0.8896484375 0.317626953125 0.8893229171874999 0.3251953125 0.8795572921874999 0.35595703125 0.8134765625 0.357666015625 0.806640625 0.357421875 0.8014322921874999 0.356201171875 0.7981770828125 0.35205078125 0.7936197921875 0.321044921875 0.7682291671875 0.30322265625 0.7542317703125 0.296875 0.7526041671875 0.2919921875 0.7574869796875 0.2548828125 0.83203125 0.254638671875 0.8388671875 0.258056640625 0.8440755203125001 0.310791015625 0.8880208328125001 0.314208984375 0.8896484375
2 0.57763671875 0.7376302078125 0.581298828125 0.7366536453125 0.586181640625 0.7268880203125 0.600830078125 0.6764322921875 0.6044921875 0.6611328125 0.604248046875 0.6513671875 0.599365234375 0.6461588546875 0.567626953125 0.6282552078125 0.549560546875 0.6188151046875 0.54345703125 0.6184895828125 0.5390625 0.6256510421875 0.518310546875 0.6920572921875 0.51806640625 0.6995442703125 0.51904296875 0.7024739578125 0.522216796875 0.7054036453125 0.57763671875 0.7376302078125
3 0.677734375 0.6223958328125 0.7265625 0.626953125 0.731201171875 0.626953125 0.736328125 0.6227213546875 0.738525390625 0.6168619796875 0.73974609375 0.6057942703125 0.73779296875 0.5862630203125 0.736328125 0.5498046875 0.734375 0.54296875 0.731689453125 0.5393880203125 0.674560546875 0.5328776046875 0.67138671875 0.5338541671875 0.669677734375 0.5361328125 0.66796875 0.5458984375 0.66796875 0.6129557296875 0.66845703125 0.6162109375 0.67138671875 0.6201171875 0.677734375 0.6223958328125
14 0.244384765625 0.3160807296875 0.28759765625 0.3216145828125 0.294189453125 0.3212890625 0.29736328125 0.318359375 0.299560546875 0.3108723953125 0.304931640625 0.2802734375 0.306640625 0.2688802078125 0.304931640625 0.2548828125 0.302490234375 0.2522786453125 0.29541015625 0.25 0.25146484375 0.24609375 0.2470703125 0.251953125 0.23681640625 0.2985026046875 0.236572265625 0.3043619796875 0.23779296875 0.3092447921875 0.2412109375 0.314453125 0.244384765625 0.3160807296875
8 0.203369140625 0.3444010421875 0.206787109375 0.3427734375 0.210205078125 0.3385416671875 0.2255859375 0.3118489578125 0.23486328125 0.294921875 0.23583984375 0.2861328125 0.234130859375 0.2799479171875 0.231201171875 0.2763671875 0.200927734375 0.2584635421875 0.18896484375 0.2522786453125 0.18701171875 0.2526041671875 0.180908203125 0.2581380203125 0.157958984375 0.2936197921875 0.1533203125 0.302734375 0.154296875 0.3115234375 0.161376953125 0.3203125 0.19091796875 0.3385416671875 0.203369140625 0.3444010421875
8 0.51904296875 0.3046875 0.5224609375 0.3020833328125 0.53662109375 0.26953125 0.54150390625 0.2548828125 0.542724609375 0.24446614531250002 0.54150390625 0.2412109375 0.538818359375 0.23860677031250002 0.5185546875 0.22981770781250002 0.505615234375 0.22200520781250002 0.49853515625 0.21907552031250002 0.494873046875 0.21907552031250002 0.490478515625 0.2216796875 0.485107421875 0.23079427031250002 0.47021484375 0.2652994796875 0.47021484375 0.2744140625 0.4736328125 0.2819010421875 0.5009765625 0.2975260421875 0.51904296875 0.3046875
8 0.67138671875 0.7298177078125 0.678466796875 0.7327473953125 0.719970703125 0.7353515625 0.734619140625 0.7347005203125 0.74072265625 0.7301432296875 0.741943359375 0.7275390625 0.742431640625 0.71875 0.740966796875 0.7086588546875 0.740478515625 0.6888020828125 0.736572265625 0.6471354171875 0.73486328125 0.6435546875 0.727294921875 0.6409505203125 0.675048828125 0.6376953125 0.66943359375 0.6396484375 0.666748046875 0.6474609375 0.666259765625 0.6725260421875 0.668701171875 0.7194010421875 0.669921875 0.7272135421875 0.67138671875 0.7298177078125
12 0.925048828125 0.7828776046875 0.929443359375 0.7828776046875 0.939697265625 0.7796223953125 0.984375 0.7552083328125 0.987548828125 0.7516276046875 0.98681640625 0.7434895828125 0.98095703125 0.7288411453125 0.95703125 0.6783854171875 0.949462890625 0.6682942703125 0.942626953125 0.6686197921875 0.90478515625 0.6878255203125 0.8935546875 0.6949869796875 0.889404296875 0.7001953125 0.89013671875 0.7076822921875 0.914794921875 0.765625 0.921630859375 0.779296875 0.925048828125 0.7828776046875
12 0.435546875 0.5787760421875 0.439453125 0.5794270828125 0.443603515625 0.5751953125 0.4638671875 0.5227864578125 0.466552734375 0.5123697921875 0.466796875 0.5055338546875 0.464111328125 0.5009765625 0.4560546875 0.4954427078125 0.41552734375 0.474609375 0.411376953125 0.4742838546875 0.408935546875 0.4759114578125 0.406005859375 0.48046875 0.39306640625 0.5104166671875 0.3828125 0.5377604171875 0.383056640625 0.5462239578125 0.386474609375 0.5504557296875 0.42529296875 0.5735677078125 0.435546875 0.5787760421875
12 0.30029296875 0.6337890625 0.303466796875 0.6363932296875 0.307373046875 0.6357421875 0.31494140625 0.6305338546875 0.349853515625 0.6025390625 0.357666015625 0.595703125 0.35986328125 0.5921223953125 0.360107421875 0.5849609375 0.3583984375 0.5784505203125 0.328125 0.5201822921875 0.32177734375 0.5211588546875 0.311767578125 0.5279947921875 0.275390625 0.5559895828125 0.2705078125 0.5615234375 0.26953125 0.5680338546875 0.271728515625 0.5751953125 0.296630859375 0.6279296875 0.30029296875 0.6337890625
12 0.606201171875 0.6507161453125 0.619384765625 0.6578776046875 0.626708984375 0.6591796875 0.630126953125 0.6569010421875 0.633544921875 0.6507161453125 0.6474609375 0.5882161453125 0.647705078125 0.5807291671875 0.644775390625 0.5751953125 0.640869140625 0.5719401046875 0.60205078125 0.5543619796875 0.59228515625 0.55078125 0.588134765625 0.55078125 0.583740234375 0.5563151046875 0.581298828125 0.5641276046875 0.5673828125 0.619140625 0.5673828125 0.6266276046875 0.570068359375 0.6285807296875 0.586181640625 0.6370442703125 0.606201171875 0.6507161453125
20 0.49658203125 0.6305338546875 0.500732421875 0.6376953125 0.504638671875 0.6399739578125 0.5087890625 0.638671875 0.547607421875 0.6067708328125 0.554931640625 0.5989583328125 0.557373046875 0.5921223953125 0.5546875 0.5807291671875 0.546630859375 0.568359375 0.541015625 0.5556640625 0.5263671875 0.5296223953125 0.522705078125 0.5260416671875 0.518798828125 0.5257161453125 0.513916015625 0.5286458328125 0.473388671875 0.5598958328125 0.469482421875 0.5647786453125 0.4697265625 0.5706380203125 0.474609375 0.5849609375 0.48779296875 0.6103515625 0.49658203125 0.6305338546875
20 0.74755859375 0.7171223953125 0.751708984375 0.7281901046875 0.758544921875 0.7298177078125 0.79736328125 0.7229817703125 0.8076171875 0.720703125 0.818359375 0.71484375 0.81982421875 0.7060546875 0.806884765625 0.6507161453125 0.80224609375 0.6337890625 0.80029296875 0.6302083328125 0.79736328125 0.6285807296875 0.7919921875 0.6285807296875 0.7451171875 0.6357421875 0.73681640625 0.6412760421875 0.73583984375 0.6442057296875 0.740478515625 0.6722005203125 0.7412109375 0.6891276046875 0.74755859375 0.7171223953125
19 0.821044921875 0.7057291671875 0.824951171875 0.7067057296875 0.873291015625 0.701171875 0.8798828125 0.6995442703125 0.88525390625 0.6949869796875 0.88623046875 0.6910807296875 0.88525390625 0.6813151046875 0.870849609375 0.6197916671875 0.8671875 0.6116536453125 0.8583984375 0.6097005203125 0.81494140625 0.6139322921875 0.806640625 0.6168619796875 0.80322265625 0.6201171875 0.802001953125 0.6233723953125 0.8017578125 0.6302083328125 0.81005859375 0.6585286453125 0.818603515625 0.6985677078125 0.821044921875 0.7057291671875
19 0.7412109375 0.6048177078125 0.78759765625 0.6145833328125 0.796630859375 0.6139322921875 0.802978515625 0.609375 0.805908203125 0.6025390625 0.805908203125 0.5944010421875 0.802734375 0.5364583328125 0.800048828125 0.53125 0.789794921875 0.52734375 0.74365234375 0.5198567703125 0.73876953125 0.5224609375 0.7353515625 0.5338541671875 0.738525390625 0.5716145828125 0.739013671875 0.5953776046875 0.73974609375 0.6022135421875 0.7412109375 0.6048177078125
19 0.61572265625 0.2985026046875 0.6201171875 0.296875 0.626220703125 0.2913411453125 0.63330078125 0.29296875 0.640625 0.296875 0.64306640625 0.2897135421875 0.643798828125 0.2805989578125 0.6396484375 0.23828125 0.636962890625 0.23209635468749998 0.63134765625 0.23079427031250002 0.592041015625 0.22916666718749998 0.587646484375 0.23079427031250002 0.582763671875 0.23567708281250002 0.585205078125 0.2884114578125 0.587890625 0.296875 0.59814453125 0.298828125 0.61572265625 0.2985026046875
7 0.6474609375 0.5719401046875 0.65087890625 0.5712890625 0.654541015625 0.5673828125 0.657958984375 0.5576171875 0.66796875 0.5016276046875 0.666748046875 0.4947916671875 0.6640625 0.4912109375 0.65478515625 0.4869791671875 0.61572265625 0.4723307296875 0.609130859375 0.4710286453125 0.6064453125 0.4739583328125 0.604248046875 0.4814453125 0.592529296875 0.5387369796875 0.59228515625 0.546875 0.59765625 0.5511067703125 0.638427734375 0.5690104171875 0.6474609375 0.5719401046875
7 0.52197265625 0.1650390625 0.52587890625 0.1627604171875 0.526123046875 0.1539713546875 0.523681640625 0.1178385421875 0.522216796875 0.1136067703125 0.514404296875 0.1106770828125 0.49169921875 0.109375 0.477294921875 0.1100260421875 0.473876953125 0.1110026046875 0.471435546875 0.1139322921875 0.47216796875 0.1552734375 0.473876953125 0.1624348953125 0.51953125 0.1637369796875 0.52197265625 0.1650390625
7 0.48388671875 0.22819010468749998 0.48876953125 0.22200520781250002 0.49462890625 0.21809895781250002 0.500732421875 0.21842447968749998 0.520263671875 0.22819010468749998 0.5224609375 0.228515625 0.52587890625 0.224609375 0.527099609375 0.220703125 0.527587890625 0.2041015625 0.525634765625 0.16796875 0.5244140625 0.166015625 0.521240234375 0.1647135421875 0.487060546875 0.1624348953125 0.474609375 0.1640625 0.47216796875 0.1663411453125 0.47119140625 0.1692708328125 0.470947265625 0.21126302031250002 0.471923828125 0.22265625 0.473876953125 0.22721354218749998 0.48388671875 0.22819010468749998
10 0.456787109375 0.3707682296875 0.459716796875 0.3665364578125 0.472412109375 0.3177083328125 0.472412109375 0.3037109375 0.47021484375 0.30078125 0.4580078125 0.2958984375 0.42529296875 0.2854817703125 0.41943359375 0.2861328125 0.415283203125 0.2936197921875 0.401611328125 0.3395182296875 0.4033203125 0.3525390625 0.406982421875 0.3557942703125 0.4482421875 0.3704427078125 0.456787109375 0.3707682296875
10 0.56103515625 0.4111328125 0.564208984375 0.4127604171875 0.572265625 0.4078776046875 0.6044921875 0.3802083328125 0.6083984375 0.3707682296875 0.608642578125 0.3655598953125 0.60693359375 0.3606770828125 0.58203125 0.3251953125 0.57470703125 0.3173828125 0.57080078125 0.3173828125 0.556396484375 0.3271484375 0.53271484375 0.3470052078125 0.529541015625 0.3522135421875 0.529296875 0.3616536453125 0.531494140625 0.3671875 0.557861328125 0.4072265625 0.56103515625 0.4111328125
10 0.56005859375 0.5250651046875 0.563720703125 0.5244140625 0.56982421875 0.5110677078125 0.58154296875 0.4736328125 0.5849609375 0.4606119796875 0.585205078125 0.4541015625 0.582275390625 0.4501953125 0.574462890625 0.4456380203125 0.539794921875 0.4287109375 0.53125 0.4264322921875 0.52587890625 0.4322916671875 0.507568359375 0.4879557296875 0.5078125 0.4947916671875 0.5107421875 0.4990234375 0.5537109375 0.5227864578125 0.56005859375 0.5250651046875
11 0.56396484375 0.24479166718749998 0.571533203125 0.2490234375 0.574462890625 0.24837239531250002 0.57666015625 0.24609375 0.582275390625 0.23372395781250002 0.5927734375 0.22721354218749998 0.6005859375 0.21842447968749998 0.603515625 0.21419270781250002 0.606201171875 0.20670572968749998 0.6064453125 0.20279947968749998 0.5986328125 0.19140625 0.5673828125 0.1653645828125 0.5615234375 0.1682942703125 0.54150390625 0.1891276046875 0.534423828125 0.1988932296875 0.532470703125 0.20540364531250002 0.53271484375 0.21321614531250002 0.53515625 0.216796875 0.55224609375 0.23209635468749998 0.56396484375 0.24479166718749998
11 0.55810546875 0.1360677078125 0.56103515625 0.1360677078125 0.564208984375 0.1341145828125 0.58837890625 0.1110026046875 0.592041015625 0.1041666671875 0.59326171875 0.09635416718749999 0.592529296875 0.091796875 0.58935546875 0.08821614531250001 0.56494140625 0.0654296875 0.55712890625 0.06087239531250001 0.55224609375 0.0634765625 0.52734375 0.0849609375 0.524658203125 0.09049479218749999 0.5244140625 0.099609375 0.525634765625 0.1051432296875 0.550048828125 0.1305338546875 0.55810546875 0.1360677078125
11 0.606201171875 0.1995442703125 0.609619140625 0.20149739531250002 0.61376953125 0.1995442703125 0.631103515625 0.171875 0.63525390625 0.1634114578125 0.63720703125 0.154296875 0.634521484375 0.1481119796875 0.628173828125 0.1429036453125 0.598876953125 0.1223958328125 0.594970703125 0.1223958328125 0.58984375 0.1263020828125 0.569091796875 0.158203125 0.568115234375 0.1614583328125 0.569580078125 0.1650390625 0.599853515625 0.1907552078125 0.606201171875 0.1995442703125
21 0.463134765625 0.4993489578125 0.466552734375 0.4993489578125 0.497802734375 0.4635416671875 0.501708984375 0.4557291671875 0.50244140625 0.4501953125 0.50146484375 0.4449869796875 0.498291015625 0.439453125 0.470458984375 0.40625 0.463623046875 0.3997395828125 0.4599609375 0.3997395828125 0.454345703125 0.404296875 0.42822265625 0.4319661453125 0.420166015625 0.4420572921875 0.4189453125 0.4456380203125 0.419677734375 0.453125 0.42529296875 0.4635416671875 0.447021484375 0.4886067703125 0.463134765625 0.4993489578125
21 0.307373046875 0.5286458328125 0.32568359375 0.5182291671875 0.330322265625 0.4651692703125 0.328857421875 0.4495442703125 0.32568359375 0.4456380203125 0.321044921875 0.4443359375 0.280517578125 0.443359375 0.272216796875 0.4436848953125 0.2666015625 0.4456380203125 0.26416015625 0.44921875 0.262939453125 0.4537760421875 0.257568359375 0.50390625 0.257568359375 0.5185546875 0.260986328125 0.5260416671875 0.265625 0.5283203125 0.307373046875 0.5286458328125
9 0.6396484375 0.3805338546875 0.6474609375 0.3831380203125 0.6513671875 0.3795572921875 0.668701171875 0.3440755203125 0.67431640625 0.328125 0.674560546875 0.3238932296875 0.673583984375 0.3209635421875 0.669677734375 0.3170572921875 0.64306640625 0.3017578125 0.637451171875 0.2958984375 0.632080078125 0.29296875 0.626708984375 0.2919921875 0.623046875 0.2942708328125 0.619140625 0.30078125 0.608642578125 0.3209635421875 0.599365234375 0.3424479171875 0.598876953125 0.345703125 0.60009765625 0.3489583328125 0.605712890625 0.3564453125 0.6396484375 0.3805338546875