8 0.220703125 0.3046875 0.239501953125 0.2913411453125 0.2568359375 0.271484375 0.26953125 0.2552083328125 0.2705078125 0.251953125 0.269287109375 0.24446614531250002 0.26220703125 0.232421875 0.2314453125 0.1953125 0.22412109375 0.1891276046875 0.22021484375 0.1904296875 0.20849609375 0.20279947968749998 0.1787109375 0.24055989531250002 0.175537109375 0.2470703125 0.17578125 0.2513020828125 0.177734375 0.2568359375 0.216552734375 0.3063151046875 0.220703125 0.3046875
8 0.3407390140625 0.51171875 0.35107421875 0.513671875 0.394287109375 0.513671875 0.396240234375 0.5055338546875 0.400634765625 0.4459635421875 0.40087890625 0.431640625 0.398681640625 0.4205729171875 0.39404296875 0.4163411453125 0.388427734375 0.4150390625 0.348876953125 0.4134114578125 0.3310546875 0.4134114578125 0.326904296875 0.4150390625 0.323974609375 0.4186197921875 0.322509765625 0.42578125 0.317626953125 0.4820963546875 0.31689453125 0.5052083328125 0.318603515625 0.5091145828125 0.3212890625 0.5107421875 0.3407390140625 0.51171875
8 0.529296875 0.7763671875 0.540283203125 0.7783203125 0.54345703125 0.7747395828125 0.5458984375 0.7659505203125 0.55908203125 0.6884765625 0.560302734375 0.6790364578125 0.55908203125 0.669921875 0.555908203125 0.6669921875 0.546630859375 0.6630859375 0.494384765625 0.6458333328125 0.4833984375 0.6461588546875 0.480712890625 0.6507161453125 0.463623046875 0.7379557296875 0.462890625 0.7447916671875 0.464599609375 0.7513020828125 0.466796875 0.7535807296875 0.529296875 0.7763671875
14 0.62646484375 0.7701822921875 0.630126953125 0.7701822921875 0.634765625 0.7662760421875 0.67919921875 0.7024739578125 0.682373046875 0.6930338546875 0.681884765625 0.6888020828125 0.679931640625 0.6845703125 0.65478515625 0.65234375 0.63134765625 0.6246744796875 0.6240234375 0.6194661453125 0.6201171875 0.6201171875 0.6162109375 0.6243489578125 0.579345703125 0.673828125 0.570068359375 0.6904296875 0.56982421875 0.6962890625 0.57080078125 0.6995442703125 0.6220703125 0.7666015625 0.62646484375 0.7701822921875
5 0.7958984375 0.5950520828125 0.8076171875 0.6435546875 0.810302734375 0.6513671875 0.81298828125 0.6546223953125 0.816650390625 0.6559244796875 0.823974609375 0.6552734375 0.88720703125 0.6341145828125 0.89404296875 0.6295572921875 0.895263671875 0.6227213546875 0.891845703125 0.60546875 0.87255859375 0.5367838546875 0.869873046875 0.5309244796875 0.866943359375 0.5276692703125 0.859130859375 0.5276692703125 0.80029296875 0.5465494796875 0.792236328125 0.5511067703125 0.789306640625 0.5553385421875 0.788818359375 0.5608723953125 0.79052734375 0.5667317703125 0.790283203125 0.5712890625 0.7958984375 0.5950520828125
12 0.720703125 0.5813802078125 0.728759765625 0.5862630203125 0.73095703125 0.5891927078125 0.738525390625 0.5908203125 0.76123046875 0.6005859375 0.771240234375 0.6018880203125 0.775390625 0.5999348953125 0.778564453125 0.5950520828125 0.783203125 0.5667317703125 0.786376953125 0.5563151046875 0.79443359375 0.5120442703125 0.794189453125 0.5022786453125 0.7900390625 0.4977213546875 0.783447265625 0.4944661453125 0.737060546875 0.4765625 0.724853515625 0.4729817703125 0.717041015625 0.474609375 0.714599609375 0.4788411453125 0.709716796875 0.4970703125 0.705078125 0.5270182296875 0.697509765625 0.5608723953125 0.697021484375 0.5703125 0.702880859375 0.576171875 0.710205078125 0.5794270828125 0.720703125 0.5813802078125
12 0.674560546875 0.6116536453125 0.682373046875 0.6116536453125 0.6865234375 0.6064453125 0.690185546875 0.5953776046875 0.69775390625 0.5556640625 0.703369140625 0.533203125 0.7060546875 0.5188802078125 0.705810546875 0.5149739578125 0.7041015625 0.51171875 0.699462890625 0.5081380203125 0.65087890625 0.4886067703125 0.637451171875 0.4837239578125 0.632568359375 0.4837239578125 0.62890625 0.4866536453125 0.6259765625 0.4938151046875 0.6083984375 0.5690104171875 0.608154296875 0.5745442703125 0.610107421875 0.5813802078125 0.619873046875 0.5885416671875 0.674560546875 0.6116536453125
12 0.3193359375 0.6168619796875 0.33837890625 0.6175130203125 0.3427734375 0.6158854171875 0.344482421875 0.6126302078125 0.350830078125 0.5182291671875 0.3466796875 0.5143229171875 0.3408203125 0.5130208328125 0.287353515625 0.5100911453125 0.279296875 0.5113932296875 0.2763671875 0.5149739578125 0.2744140625 0.5224609375 0.267333984375 0.591796875 0.267333984375 0.6067708328125 0.268798828125 0.6100260421875 0.27294921875 0.6126302078125 0.3193359375 0.6168619796875
12 0.473876953125 0.1910807296875 0.477294921875 0.1917317703125 0.48095703125 0.1904296875 0.505859375 0.1725260421875 0.530029296875 0.1529947921875 0.53271484375 0.1474609375 0.532470703125 0.1354166671875 0.5302734375 0.1279296875 0.50537109375 0.08203125 0.498291015625 0.07356770781250001 0.49462890625 0.0732421875 0.4873046875 0.07779947968749999 0.463134765625 0.09537760468749999 0.442138671875 0.1126302078125 0.440673828125 0.1158854171875 0.440673828125 0.1204427078125 0.44580078125 0.1370442703125 0.473876953125 0.1910807296875
10 0.526123046875 0.4326171875 0.53857421875 0.4423828125 0.543212890625 0.4501953125 0.547119140625 0.4508463546875 0.55126953125 0.4475911453125 0.56103515625 0.4339192703125 0.589599609375 0.390625 0.592529296875 0.3837890625 0.59326171875 0.3759765625 0.591064453125 0.3701171875 0.582275390625 0.3600260421875 0.547119140625 0.32421875 0.54296875 0.3206380203125 0.53955078125 0.3196614578125 0.536376953125 0.3209635421875 0.5302734375 0.328125 0.5009765625 0.3697916671875 0.49267578125 0.3844401046875 0.4921875 0.3870442703125 0.494140625 0.3958333328125 0.50390625 0.4085286453125 0.526123046875 0.4326171875
10 0.62939453125 0.4755859375 0.635009765625 0.4765625 0.688720703125 0.4703776046875 0.697265625 0.4674479171875 0.7021484375 0.4635416671875 0.70458984375 0.4573567703125 0.7041015625 0.443359375 0.7021484375 0.4319661453125 0.697998046875 0.3834635421875 0.69677734375 0.3763020828125 0.693115234375 0.3678385421875 0.6875 0.3665364578125 0.6640625 0.3681640625 0.62646484375 0.3733723953125 0.621337890625 0.3756510421875 0.618896484375 0.3811848953125 0.61865234375 0.3932291671875 0.6240234375 0.466796875 0.625732421875 0.4713541671875 0.62939453125 0.4755859375
10 0.505126953125 0.5367838546875 0.5224609375 0.5426432296875 0.52880859375 0.541015625 0.53125 0.5354817703125 0.534423828125 0.515625 0.54150390625 0.453125 0.539794921875 0.4453125 0.53271484375 0.4397786453125 0.476806640625 0.4313151046875 0.46875 0.4322916671875 0.46630859375 0.4348958328125 0.46484375 0.439453125 0.455322265625 0.51171875 0.454833984375 0.5231119796875 0.45703125 0.5270182296875 0.459228515625 0.5283203125 0.505126953125 0.5367838546875
7 0.515625 0.6516927078125 0.572021484375 0.671875 0.577880859375 0.6722005203125 0.5830078125 0.6682942703125 0.5888671875 0.6435546875 0.598876953125 0.5846354171875 0.599365234375 0.5758463546875 0.59716796875 0.5686848953125 0.5732421875 0.5592447921875 0.529296875 0.5465494796875 0.524658203125 0.5485026046875 0.521484375 0.5533854171875 0.513916015625 0.5891927078125 0.50439453125 0.63671875 0.5048828125 0.6432291671875 0.507080078125 0.6474609375 0.515625 0.6516927078125
7 0.450927734375 0.755859375 0.45556640625 0.7552083328125 0.45849609375 0.7522786453125 0.46142578125 0.7451171875 0.476318359375 0.6722005203125 0.478759765625 0.6539713546875 0.4755859375 0.6494140625 0.462890625 0.6429036453125 0.412841796875 0.6240234375 0.406494140625 0.6240234375 0.404296875 0.6259765625 0.401611328125 0.6334635421875 0.38232421875 0.70703125 0.380859375 0.716796875 0.380615234375 0.7233072921875 0.383544921875 0.7288411453125 0.435546875 0.7506510421875 0.450927734375 0.755859375
7 0.220458984375 0.7822265625 0.223876953125 0.7845052078125 0.230712890625 0.7828776046875 0.245361328125 0.7734375 0.287353515625 0.7415364578125 0.29150390625 0.7379557296875 0.293701171875 0.7340494796875 0.294189453125 0.7301432296875 0.292236328125 0.720703125 0.290283203125 0.7158203125 0.287353515625 0.7122395828125 0.284912109375 0.7041015625 0.2841796875 0.6959635421875 0.277587890625 0.6761067703125 0.26953125 0.6536458328125 0.264892578125 0.6461588546875 0.261962890625 0.6438802078125 0.25732421875 0.6432291671875 0.25146484375 0.6455078125 0.1962890625 0.6871744796875 0.193115234375 0.6927083328125 0.193115234375 0.7027994796875 0.213134765625 0.7649739578125 0.21875 0.779296875 0.220458984375 0.7822265625
11 0.345703125 0.7594401046875 0.349365234375 0.759765625 0.355712890625 0.7548828125 0.359619140625 0.7444661453125 0.37548828125 0.7132161453125 0.389404296875 0.6783854171875 0.39111328125 0.6722005203125 0.390869140625 0.6682942703125 0.386962890625 0.662109375 0.359375 0.6396484375 0.33837890625 0.6201171875 0.327880859375 0.6175130203125 0.32421875 0.6197916671875 0.317626953125 0.6321614578125 0.2861328125 0.6988932296875 0.28662109375 0.7083333328125 0.29052734375 0.7135416671875 0.340087890625 0.7561848953125 0.345703125 0.7594401046875
11 0.352294921875 0.6178385421875 0.362060546875 0.619140625 0.417724609375 0.6217447921875 0.421142578125 0.6194661453125 0.422607421875 0.6123046875 0.4296875 0.55078125 0.429443359375 0.5224609375 0.426513671875 0.5185546875 0.420654296875 0.5166015625 0.369140625 0.5139973953125 0.357421875 0.5146484375 0.353759765625 0.5185546875 0.35107421875 0.529296875 0.34765625 0.5647786453125 0.344970703125 0.5989583328125 0.345458984375 0.611328125 0.347412109375 0.6149088546875 0.352294921875 0.6178385421875
11 0.43603515625 0.6321614578125 0.476806640625 0.6409505203125 0.4931640625 0.6432291671875 0.49755859375 0.6422526046875 0.500732421875 0.6373697921875 0.5029296875 0.6302083328125 0.503173828125 0.6162109375 0.505126953125 0.6064453125 0.511474609375 0.55078125 0.51123046875 0.54296875 0.505126953125 0.5374348953125 0.447021484375 0.52734375 0.4423828125 0.5270182296875 0.439453125 0.5283203125 0.435546875 0.5315755203125 0.43408203125 0.53515625 0.42529296875 0.5953776046875 0.4228515625 0.6184895828125 0.423583984375 0.6259765625 0.42529296875 0.6279296875 0.43603515625 0.6321614578125
3 0.258544921875 0.6389973953125 0.265869140625 0.6360677078125 0.267822265625 0.6334635421875 0.26953125 0.6233723953125 0.269287109375 0.6136067703125 0.266357421875 0.6038411453125 0.266357421875 0.5986328125 0.267333984375 0.5797526046875 0.26904296875 0.5712890625 0.271240234375 0.5462239578125 0.271240234375 0.5358072921875 0.269287109375 0.5341796875 0.260498046875 0.5322265625 0.232666015625 0.53125 0.205322265625 0.53125 0.198486328125 0.5338541671875 0.195556640625 0.5403645828125 0.1875 0.6188151046875 0.1875 0.6266276046875 0.1884765625 0.6298828125 0.19580078125 0.634765625 0.258544921875 0.6389973953125
2 0.310546875 0.3444010421875 0.314208984375 0.3470052078125 0.32080078125 0.345703125 0.333740234375 0.33984375 0.33984375 0.3388671875 0.3427734375 0.3313802078125 0.346435546875 0.3264973953125 0.37109375 0.314453125 0.376220703125 0.310546875 0.375244140625 0.3004557296875 0.36376953125 0.2509765625 0.359130859375 0.2353515625 0.35595703125 0.232421875 0.348876953125 0.232421875 0.317626953125 0.24544270781250002 0.29833984375 0.2545572921875 0.29345703125 0.2581380203125 0.292236328125 0.2610677078125 0.292236328125 0.2711588546875 0.3037109375 0.33203125 0.305908203125 0.3382161453125 0.310546875 0.3444010421875
20 0.230224609375 0.3902994796875 0.234130859375 0.3935546875 0.237548828125 0.3935546875 0.245361328125 0.3896484375 0.25537109375 0.3889973953125 0.269287109375 0.3818359375 0.297119140625 0.36328125 0.300537109375 0.3590494796875 0.300537109375 0.3515625 0.2890625 0.3186848953125 0.2841796875 0.3001302078125 0.276123046875 0.2809244796875 0.2724609375 0.2770182296875 0.268798828125 0.2770182296875 0.248291015625 0.2858072921875 0.22998046875 0.30078125 0.21337890625 0.3111979171875 0.210205078125 0.3154296875 0.209716796875 0.3219401046875 0.21337890625 0.3372395828125 0.22705078125 0.3824869796875 0.230224609375 0.3902994796875
19 0.23046875 0.4879557296875 0.286376953125 0.5 0.293701171875 0.4990234375 0.298095703125 0.4912109375 0.31005859375 0.4251302078125 0.31103515625 0.4114583328125 0.306884765625 0.4033203125 0.30126953125 0.4000651046875 0.267578125 0.3935546875 0.241455078125 0.3909505203125 0.23779296875 0.3938802078125 0.23583984375 0.3974609375 0.22265625 0.466796875 0.2216796875 0.4733072921875 0.22216796875 0.48046875 0.22412109375 0.4837239578125 0.23046875 0.4879557296875
19 0.111572265625 0.5504557296875 0.119384765625 0.5533854171875 0.126953125 0.552734375 0.171630859375 0.5364583328125 0.18017578125 0.5328776046875 0.18603515625 0.5286458328125 0.187255859375 0.5250651046875 0.1875 0.5182291671875 0.179931640625 0.4527994796875 0.177490234375 0.4430338546875 0.172607421875 0.4384765625 0.168212890625 0.435546875 0.163818359375 0.435546875 0.152587890625 0.4391276046875 0.108154296875 0.4563802078125 0.104248046875 0.458984375 0.1015625 0.4645182296875 0.1015625 0.474609375 0.107421875 0.5390625 0.10888671875 0.5458984375 0.111572265625 0.5504557296875
19 0.130126953125 0.373046875 0.135498046875 0.3736979171875 0.1689453125 0.3603515625 0.189208984375 0.3515625 0.193603515625 0.3466796875 0.1943359375 0.3388671875 0.193359375 0.330078125 0.185791015625 0.2799479171875 0.18359375 0.2724609375 0.179931640625 0.2652994796875 0.176025390625 0.2610677078125 0.17138671875 0.2604166671875 0.16455078125 0.2626953125 0.1201171875 0.28125 0.1142578125 0.2848307296875 0.1123046875 0.2893880203125 0.112060546875 0.3001302078125 0.119384765625 0.3600260421875 0.125732421875 0.3697916671875 0.130126953125 0.373046875
9 0.36962890625 0.4137369796875 0.38671875 0.4127604171875 0.4287109375 0.3929036453125 0.432861328125 0.3870442703125 0.4326171875 0.3795572921875 0.414794921875 0.314453125 0.411376953125 0.3046875 0.407958984375 0.30078125 0.401611328125 0.3017578125 0.347900390625 0.3264973953125 0.344482421875 0.330078125 0.3427734375 0.3346354171875 0.342529296875 0.3391927078125 0.35888671875 0.4059244796875 0.362548828125 0.4124348953125 0.36962890625 0.4137369796875
21 0.60546875 0.5680338546875 0.608642578125 0.564453125 0.611572265625 0.5530598953125 0.623046875 0.4781901046875 0.622314453125 0.4710286453125 0.62060546875 0.4680989578125 0.616455078125 0.4658203125 0.58984375 0.4596354171875 0.56640625 0.4521484375 0.554931640625 0.4498697921875 0.550537109375 0.451171875 0.548095703125 0.4534505203125 0.546630859375 0.4576822921875 0.53369140625 0.5257161453125 0.531494140625 0.5397135421875 0.53515625 0.5472005203125 0.60009765625 0.5680338546875 0.60546875 0.5680338546875
21 0.692626953125 0.697265625 0.72021484375 0.7275390625 0.728271484375 0.7311197921875 0.73486328125 0.7265625 0.769775390625 0.6715494796875 0.77685546875 0.6585286453125 0.7783203125 0.654296875 0.778564453125 0.6490885421875 0.77685546875 0.6442057296875 0.7724609375 0.638671875 0.725341796875 0.5865885421875 0.7216796875 0.5833333328125 0.716796875 0.5817057296875 0.712158203125 0.5833333328125 0.7060546875 0.591796875 0.66845703125 0.6513671875 0.665771484375 0.6578776046875 0.665283203125 0.6614583328125 0.66650390625 0.6643880203125 0.687255859375 0.6878255203125 0.692626953125 0.697265625
20 0.704833984375 0.4632161453125 0.705810546875 0.4674479171875 0.70849609375 0.4703776046875 0.717529296875 0.4723307296875 0.77587890625 0.4677734375 0.78271484375 0.4645182296875 0.78662109375 0.4599609375 0.787841796875 0.44921875 0.782958984375 0.3935546875 0.7802734375 0.373046875 0.7763671875 0.3649088546875 0.7685546875 0.3629557296875 0.709716796875 0.3671875 0.7041015625 0.3688151046875 0.700927734375 0.3733723953125 0.7001953125 0.37890625 0.701171875 0.4026692703125 0.705810546875 0.4488932296875 0.704833984375 0.4632161453125