1 0.530517578125 0.4557291671875 0.549072265625 0.45703125 0.59912109375 0.458984375 0.610595703125 0.4573567703125 0.61474609375 0.4518229171875 0.61669921875 0.443359375 0.621826171875 0.353515625 0.620849609375 0.3385416671875 0.6181640625 0.3336588546875 0.609130859375 0.3307291671875 0.54052734375 0.3274739578125 0.529296875 0.328125 0.527099609375 0.3313802078125 0.525390625 0.337890625 0.5224609375 0.3938802078125 0.521484375 0.443359375 0.52294921875 0.4495442703125 0.525634765625 0.4534505203125 0.530517578125 0.4557291671875
1 0.38330078125 0.5582682296875 0.3974609375 0.5592447921875 0.402587890625 0.5572916671875 0.40478515625 0.5546875 0.408447265625 0.544921875 0.41845703125 0.4599609375 0.419189453125 0.4462890625 0.417724609375 0.4423828125 0.411376953125 0.4378255203125 0.379150390625 0.4293619796875 0.335205078125 0.4215494796875 0.331298828125 0.4212239578125 0.327880859375 0.4231770828125 0.3251953125 0.4287109375 0.313720703125 0.5240885421875 0.3134765625 0.5328776046875 0.316162109375 0.5384114578125 0.31982421875 0.541015625 0.38330078125 0.5582682296875
1 0.6298828125 0.833984375 0.635498046875 0.833984375 0.669921875 0.830078125 0.69921875 0.8255208328125001 0.706787109375 0.8206380203125001 0.70849609375 0.8121744796874999 0.70849609375 0.7698567703125 0.707275390625 0.7599283859375 0.70703125 0.732421875 0.70556640625 0.7242838546875 0.70361328125 0.7213541671875 0.69873046875 0.720703125 0.681396484375 0.7236328125 0.643310546875 0.7259114578125 0.6337890625 0.7190755203125 0.62939453125 0.7184244796875 0.6201171875 0.7203776046875 0.616943359375 0.7252604171875 0.6162109375 0.7333984375 0.62158203125 0.8229166671874999 0.626220703125 0.8323567703125001 0.6298828125 0.833984375
14 0.2548828125 0.720703125 0.25830078125 0.7239583328125 0.269287109375 0.72265625 0.3310546875 0.7024739578125 0.33642578125 0.6995442703125 0.338623046875 0.6962890625 0.338623046875 0.689453125 0.33251953125 0.6692708328125 0.33154296875 0.6614583328125 0.31787109375 0.6083984375 0.316162109375 0.5989583328125 0.317626953125 0.5888671875 0.316650390625 0.5872395828125 0.31201171875 0.5856119796875 0.30712890625 0.5862630203125 0.2954914546875 0.5944010421875 0.282958984375 0.5953776046875 0.247802734375 0.6057942703125 0.2392578125 0.609375 0.234375 0.6129557296875 0.230224609375 0.6217447921875 0.23046875 0.6305338546875 0.234130859375 0.6471354171875 0.25146484375 0.7125651046875 0.2548828125 0.720703125
16 0.220947265625 0.5764973953125 0.2880859375 0.5927734375 0.296630859375 0.5927734375 0.30078125 0.5904947921875 0.30517578125 0.5843098953125 0.307373046875 0.5745442703125 0.31201171875 0.5364583328125 0.311279296875 0.525390625 0.31396484375 0.5107421875 0.316162109375 0.4886067703125 0.3154296875 0.4791666671875 0.314208984375 0.4772135421875 0.310791015625 0.4759114578125 0.293212890625 0.4739583328125 0.23095703125 0.4583333328125 0.223876953125 0.4583333328125 0.22119140625 0.4632161453125 0.2197265625 0.4697265625 0.212158203125 0.5524088546875 0.2119140625 0.564453125 0.212890625 0.5703125 0.216796875 0.5745442703125 0.220947265625 0.5764973953125
15 0.490966796875 0.5208333328125 0.498046875 0.5218098953125 0.50537109375 0.5185546875 0.508056640625 0.5120442703125 0.519775390625 0.4326171875 0.522216796875 0.4117838546875 0.520751953125 0.4039713546875 0.51513671875 0.3990885421875 0.5048828125 0.3951822921875 0.457275390625 0.3831380203125 0.439697265625 0.3792317703125 0.431640625 0.3818359375 0.429931640625 0.3837890625 0.4248046875 0.4140625 0.4208984375 0.4524739578125 0.41552734375 0.48828125 0.41552734375 0.4951171875 0.416748046875 0.4986979171875 0.425048828125 0.5052083328125 0.490966796875 0.5208333328125
15 0.296142578125 0.4736328125 0.311279296875 0.4736328125 0.318115234375 0.4632161453125 0.32080078125 0.4417317703125 0.324951171875 0.3675130203125 0.324462890625 0.3541666671875 0.3232421875 0.3522135421875 0.316650390625 0.3489583328125 0.274658203125 0.3395182296875 0.24853515625 0.3313802078125 0.239501953125 0.3304036453125 0.23388671875 0.3317057296875 0.23046875 0.3362630203125 0.228515625 0.3430989578125 0.220458984375 0.4375 0.22021484375 0.4459635421875 0.22314453125 0.4537760421875 0.225830078125 0.4557291671875 0.296142578125 0.4736328125
16 0.513671875 0.7552083328125 0.57421875 0.7272135421875 0.583740234375 0.7200520828125 0.58447265625 0.7145182296875 0.583740234375 0.7073567703125 0.5751953125 0.673828125 0.559814453125 0.6197916671875 0.558349609375 0.6165364578125 0.555419921875 0.6139322921875 0.552001953125 0.61328125 0.547119140625 0.6145833328125 0.52197265625 0.6256510421875 0.515869140625 0.6295572921875 0.51123046875 0.6389973953125 0.50439453125 0.642578125 0.480224609375 0.6507161453125 0.4765625 0.6536458328125 0.47705078125 0.6656901046875 0.500244140625 0.748046875 0.50537109375 0.7548828125 0.513671875 0.7552083328125
18 0.605712890625 0.5999348953125 0.671142578125 0.6083984375 0.6806640625 0.6080729171875 0.685546875 0.6061197921875 0.689453125 0.5973307296875 0.69580078125 0.5465494796875 0.699951171875 0.5055338546875 0.699951171875 0.498046875 0.698974609375 0.4947916671875 0.694580078125 0.4895833328125 0.6904296875 0.4876302078125 0.647216796875 0.4847005203125 0.62353515625 0.4814453125 0.61376953125 0.4778645828125 0.609130859375 0.4798177078125 0.6025390625 0.5397135421875 0.5966796875 0.5787760421875 0.596435546875 0.5859375 0.598876953125 0.5934244796875 0.602294921875 0.5983072921875 0.605712890625 0.5999348953125
18 0.43017578125 0.6627604171875 0.43603515625 0.6640625 0.459716796875 0.6572265625 0.505126953125 0.6412760421875 0.51318359375 0.634765625 0.514892578125 0.6298828125 0.51416015625 0.6227213546875 0.494873046875 0.53125 0.491455078125 0.5234375 0.48388671875 0.5224609375 0.4140625 0.5462239578125 0.4091796875 0.5504557296875 0.405029296875 0.5598958328125 0.41064453125 0.5888671875 0.4248046875 0.6500651046875 0.427734375 0.6591796875 0.43017578125 0.6627604171875
18 0.3984375 0.787109375 0.412109375 0.802734375 0.42822265625 0.8180338546874999 0.4326171875 0.8212890625 0.437255859375 0.822265625 0.43896484375 0.8219401046874999 0.44873046875 0.8108723953125001 0.4814453125 0.7649739578125 0.48828125 0.7545572921875 0.4912109375 0.7412109375 0.489013671875 0.7311197921875 0.485595703125 0.7259114578125 0.437744140625 0.6741536453125 0.432861328125 0.669921875 0.4287109375 0.6686197921875 0.42138671875 0.6751302078125 0.401123046875 0.703125 0.376220703125 0.7405598953125 0.373046875 0.7513020828125 0.372802734375 0.7574869796875 0.3740234375 0.7620442703125 0.38037109375 0.7701822921875 0.3984375 0.787109375
11 0.3310546875 0.419921875 0.406494140625 0.4303385421875 0.414794921875 0.4296875 0.419677734375 0.4254557296875 0.421630859375 0.4114583328125 0.425537109375 0.3395182296875 0.426025390625 0.3115234375 0.42529296875 0.3069661453125 0.4228515625 0.3033854171875 0.4150390625 0.30078125 0.33740234375 0.2900390625 0.332763671875 0.2919921875 0.33056640625 0.2955729171875 0.328125 0.3033854171875 0.32861328125 0.3079427078125 0.327392578125 0.3167317703125 0.324951171875 0.4052734375 0.326416015625 0.4150390625 0.328369140625 0.4182942703125 0.3310546875 0.419921875
1 0.299560546875 0.3440755203125 0.3076171875 0.3453776046875 0.31103515625 0.3434244796875 0.316162109375 0.3349609375 0.35107421875 0.24479166718749998 0.35205078125 0.23860677031250002 0.3515625 0.234375 0.3486328125 0.22981770781250002 0.339599609375 0.22200520781250002 0.285888671875 0.1809895828125 0.2724609375 0.1715494796875 0.265625 0.169921875 0.259765625 0.1751302078125 0.252197265625 0.1923828125 0.223388671875 0.2740885421875 0.22265625 0.2835286453125 0.226318359375 0.2897135421875 0.293212890625 0.3404947921875 0.299560546875 0.3440755203125
0 0.4384765625 0.3717447921875 0.4423828125 0.3720703125 0.5166015625 0.3717447921875 0.521484375 0.3681640625 0.5234375 0.3626302078125 0.523681640625 0.3388671875 0.524169921875 0.3323567703125 0.525634765625 0.328125 0.525146484375 0.2568359375 0.5244140625 0.24576822968749998 0.5224609375 0.24186197968749998 0.51220703125 0.23860677031250002 0.4384765625 0.23697916718749998 0.43017578125 0.23990885468749998 0.42724609375 0.24446614531250002 0.426513671875 0.2506510421875 0.42724609375 0.3567708328125 0.42822265625 0.3626302078125 0.431640625 0.3681640625 0.4384765625 0.3717447921875
0 0.620849609375 0.33203125 0.62353515625 0.3486328125 0.62548828125 0.3515625 0.628662109375 0.353515625 0.635498046875 0.3544921875 0.708740234375 0.3538411453125 0.71337890625 0.3518880203125 0.717529296875 0.34765625 0.71875 0.3444010421875 0.720458984375 0.328125 0.72412109375 0.23958333281250002 0.7236328125 0.2275390625 0.72119140625 0.22265625 0.717041015625 0.22037760468749998 0.71142578125 0.2197265625 0.63330078125 0.2197265625 0.626708984375 0.2236328125 0.624755859375 0.2294921875 0.62451171875 0.2646484375 0.622802734375 0.3040364578125 0.620849609375 0.3170572921875 0.620849609375 0.33203125
9 0.62109375 0.4791666671875 0.635986328125 0.4820963546875 0.69189453125 0.4866536453125 0.699951171875 0.4866536453125 0.703857421875 0.4847005203125 0.70849609375 0.4772135421875 0.71044921875 0.4625651046875 0.7177734375 0.3805338546875 0.7177734375 0.3714192703125 0.716552734375 0.3668619796875 0.712158203125 0.3623046875 0.706787109375 0.3610026046875 0.63818359375 0.3557942703125 0.63134765625 0.3557942703125 0.626220703125 0.3577473953125 0.623046875 0.3629557296875 0.617919921875 0.4423828125 0.614501953125 0.4586588546875 0.614013671875 0.4674479171875 0.614990234375 0.4720052078125 0.617919921875 0.4775390625 0.62109375 0.4791666671875
13 0.505859375 0.5768229171875 0.509765625 0.5804036453125 0.5361328125 0.5865885421875 0.583251953125 0.5947265625 0.58837890625 0.5944010421875 0.591064453125 0.5924479171875 0.593505859375 0.5888671875 0.5947265625 0.5843098953125 0.601806640625 0.537109375 0.607421875 0.4921875 0.607421875 0.4807942703125 0.603515625 0.4762369796875 0.595703125 0.47265625 0.529052734375 0.4599609375 0.521728515625 0.4599609375 0.517333984375 0.4619140625 0.515625 0.4661458328125 0.51318359375 0.48046875 0.511962890625 0.4986979171875 0.504150390625 0.5618489578125 0.504638671875 0.5738932296875 0.505859375 0.5768229171875
13 0.579345703125 0.3111979171875 0.61474609375 0.3092447921875 0.618408203125 0.3079427078125 0.620849609375 0.3050130203125 0.62255859375 0.2975260421875 0.625 0.22493489531250002 0.625244140625 0.1891276046875 0.62255859375 0.1780598953125 0.616943359375 0.1748046875 0.611572265625 0.1744791671875 0.542236328125 0.1754557296875 0.529296875 0.1780598953125 0.526611328125 0.1822916671875 0.525634765625 0.1878255203125 0.52587890625 0.3004557296875 0.52783203125 0.3079427078125 0.53759765625 0.3121744796875 0.579345703125 0.3111979171875
12 0.340576171875 0.6930338546875 0.34423828125 0.6969401046875 0.348388671875 0.6985677078125 0.355712890625 0.697265625 0.41552734375 0.6770833328125 0.424072265625 0.671875 0.427001953125 0.6663411453125 0.4267578125 0.6575520828125 0.40478515625 0.5641276046875 0.4033203125 0.5621744796875 0.397705078125 0.5608723953125 0.38330078125 0.5611979171875 0.33642578125 0.576171875 0.32373046875 0.5826822921875 0.319091796875 0.5882161453125 0.31689453125 0.5944010421875 0.316650390625 0.599609375 0.318359375 0.6090494796875 0.33544921875 0.6780598953125 0.340576171875 0.6930338546875
4 0.3271484375 0.8971354171874999 0.333740234375 0.8990885421874999 0.341064453125 0.8990885421874999 0.39404296875 0.8968098953125001 0.403076171875 0.8942057296874999 0.407958984375 0.888671875 0.409423828125 0.8802083328125001 0.409423828125 0.8561197921874999 0.40625 0.8001302078125001 0.40185546875 0.7923177078125 0.3916015625 0.7825520828125 0.3876953125 0.7809244796875 0.334228515625 0.7828776046875 0.328125 0.7838541671875 0.323974609375 0.7861328125 0.320068359375 0.7923177078125 0.3173828125 0.8020833328125001 0.317138671875 0.8167317703125001 0.322998046875 0.8870442703125001 0.324462890625 0.8935546875 0.3271484375 0.8971354171874999
17 0.54345703125 0.8515625 0.55029296875 0.8522135421874999 0.558837890625 0.8489583328125001 0.616455078125 0.8248697921874999 0.619140625 0.8206380203125001 0.62060546875 0.8134765625 0.616943359375 0.7923177078125 0.59619140625 0.7164713546875 0.592041015625 0.7122395828125 0.585693359375 0.7132161453125 0.58349609375 0.7220052078125 0.578857421875 0.7255859375 0.5595703125 0.7356770828125 0.522216796875 0.7513020828125 0.515625 0.7555338546875 0.514892578125 0.7584635421875 0.52587890625 0.8001302078125001 0.5390625 0.8447265625 0.54345703125 0.8515625
6 0.642333984375 0.724609375 0.64794921875 0.7252604171875 0.708251953125 0.7194010421875 0.71923828125 0.716796875 0.7236328125 0.7132161453125 0.72509765625 0.7067057296875 0.725341796875 0.6875 0.72412109375 0.6162109375 0.721923828125 0.6090494796875 0.716552734375 0.6022135421875 0.710205078125 0.5983072921875 0.6923828125 0.5999348953125 0.689697265625 0.6009114578125 0.684814453125 0.6077473953125 0.679443359375 0.6097005203125 0.663330078125 0.6097005203125 0.653564453125 0.6070963546875 0.638671875 0.6057942703125 0.63330078125 0.607421875 0.630126953125 0.6142578125 0.6328125 0.705078125 0.634765625 0.7151692703125 0.638427734375 0.7223307296875 0.642333984375 0.724609375