0 0.6142578125 0.8453776046874999 0.623291015625 0.8450520828125001 0.627197265625 0.841796875 0.630126953125 0.8330078125 0.646484375 0.7412109375 0.646728515625 0.728515625 0.643798828125 0.7236328125 0.636474609375 0.7197265625 0.571044921875 0.6940104171875 0.5625 0.6940104171875 0.558837890625 0.6975911453125 0.556640625 0.7027994796875 0.536376953125 0.7965494796875 0.53662109375 0.8069661453125001 0.537841796875 0.810546875 0.541748046875 0.814453125 0.6142578125 0.8453776046874999
0 0.671630859375 0.5182291671875 0.67529296875 0.5172526046875 0.6787109375 0.5107421875 0.697265625 0.4521484375 0.702392578125 0.435546875 0.703857421875 0.4248046875 0.700927734375 0.4195963546875 0.696533203125 0.4163411453125 0.646728515625 0.3919270828125 0.637451171875 0.3883463546875 0.63134765625 0.3883463546875 0.62841796875 0.3909505203125 0.62548828125 0.396484375 0.600341796875 0.4690755203125 0.600830078125 0.4788411453125 0.60546875 0.4853515625 0.6630859375 0.5159505203125 0.671630859375 0.5182291671875
0 0.4951171875 0.125 0.5361328125 0.1194661453125 0.543701171875 0.1227213546875 0.547119140625 0.1315104171875 0.552734375 0.1318359375 0.556640625 0.1292317703125 0.558349609375 0.1204427078125 0.5576171875 0.064453125 0.55712890625 0.05696614531250001 0.5537109375 0.05110677031250001 0.54638671875 0.05013020781250001 0.498046875 0.05533854218749999 0.492919921875 0.05859375 0.490478515625 0.06705729218749999 0.489501953125 0.1090494796875 0.490234375 0.1197916671875 0.4921875 0.1240234375 0.4951171875 0.125
0 0.342041015625 0.2955729171875 0.344482421875 0.2972005203125 0.35205078125 0.2900390625 0.38671875 0.2470703125 0.389404296875 0.24153645781250002 0.388671875 0.232421875 0.38330078125 0.22135416718749998 0.349609375 0.1888020828125 0.343017578125 0.1848958328125 0.340576171875 0.1852213546875 0.33544921875 0.1891276046875 0.31005859375 0.21940104218749998 0.296142578125 0.23828125 0.295654296875 0.24446614531250002 0.30029296875 0.2552083328125 0.33251953125 0.283203125 0.342041015625 0.2955729171875
0 0.200927734375 0.4176432296875 0.206298828125 0.4235026046875 0.21044921875 0.423828125 0.214599609375 0.421875 0.258544921875 0.3828125 0.26611328125 0.373046875 0.26611328125 0.3681640625 0.261962890625 0.3587239578125 0.234619140625 0.306640625 0.231201171875 0.3037109375 0.226806640625 0.3037109375 0.217529296875 0.310546875 0.1787109375 0.3447265625 0.17529296875 0.3479817703125 0.1728515625 0.3525390625 0.171875 0.3561197921875 0.175048828125 0.3662109375 0.195068359375 0.4078776046875 0.200927734375 0.4176432296875
0 0.337646484375 0.6715494796875 0.343017578125 0.6728515625 0.40771484375 0.6663411453125 0.41552734375 0.6595052078125 0.416748046875 0.6513671875 0.41552734375 0.568359375 0.4150390625 0.5641276046875 0.41064453125 0.5556640625 0.407958984375 0.5533854171875 0.40380859375 0.552734375 0.34130859375 0.5602213546875 0.33447265625 0.5647786453125 0.331787109375 0.5712890625 0.331298828125 0.5768229171875 0.329345703125 0.6513671875 0.329833984375 0.6617838546875 0.3330078125 0.6682942703125 0.337646484375 0.6715494796875
4 0.3935546875 0.4742838546875 0.407958984375 0.482421875 0.4150390625 0.4833984375 0.41845703125 0.4807942703125 0.424072265625 0.4677734375 0.426025390625 0.4514973953125 0.428466796875 0.4446614578125 0.435791015625 0.4388020828125 0.447509765625 0.412109375 0.449462890625 0.4046223953125 0.448974609375 0.400390625 0.4462890625 0.3935546875 0.4423828125 0.3889973953125 0.408203125 0.3694661453125 0.391845703125 0.3619791671875 0.385498046875 0.3616536453125 0.382080078125 0.3642578125 0.37890625 0.369140625 0.3525390625 0.42578125 0.34912109375 0.435546875 0.349609375 0.4427083328125 0.355712890625 0.4482421875 0.38671875 0.4677734375 0.3935546875 0.4742838546875
4 0.435791015625 0.5397135421875 0.490234375 0.53125 0.498291015625 0.5319010421875 0.501708984375 0.5345052078125 0.505126953125 0.53515625 0.507568359375 0.5231119796875 0.50830078125 0.5110677078125 0.50537109375 0.4521484375 0.50341796875 0.4397786453125 0.5009765625 0.4345703125 0.498291015625 0.4326171875 0.493896484375 0.4322916671875 0.4453125 0.4401041671875 0.43896484375 0.4397786453125 0.4287109375 0.4462890625 0.426513671875 0.4527994796875 0.425537109375 0.4622395828125 0.426513671875 0.5123697921875 0.427734375 0.5335286453125 0.42919921875 0.5384114578125 0.435791015625 0.5397135421875
4 0.220458984375 0.6370442703125 0.271484375 0.6419270828125 0.282958984375 0.6422526046875 0.286865234375 0.6409505203125 0.289794921875 0.6360677078125 0.29345703125 0.6165364578125 0.302978515625 0.5501302078125 0.301513671875 0.5419921875 0.29736328125 0.53515625 0.289794921875 0.53125 0.239990234375 0.5283203125 0.2314453125 0.5283203125 0.22705078125 0.5299479171875 0.222900390625 0.5345052078125 0.22021484375 0.5432942703125 0.2080078125 0.6116536453125 0.20703125 0.6243489578125 0.208740234375 0.6295572921875 0.213623046875 0.6341145828125 0.220458984375 0.6370442703125
7 0.428466796875 0.7688802078125 0.439208984375 0.7688802078125 0.500732421875 0.7620442703125 0.505126953125 0.7607421875 0.508544921875 0.7578125 0.510498046875 0.7516276046875 0.510498046875 0.7434895828125 0.50537109375 0.6591796875 0.50439453125 0.6471354171875 0.50244140625 0.6438802078125 0.498046875 0.6399739578125 0.4912109375 0.6396484375 0.42822265625 0.6471354171875 0.421630859375 0.6507161453125 0.419189453125 0.654296875 0.417724609375 0.6611328125 0.419189453125 0.7552083328125 0.420654296875 0.76171875 0.4228515625 0.765625 0.428466796875 0.7688802078125
7 0.511962890625 0.5709635421875 0.572265625 0.580078125 0.579345703125 0.5804036453125 0.585693359375 0.5787760421875 0.589111328125 0.5693359375 0.595703125 0.4853515625 0.595703125 0.4801432296875 0.59375 0.4739583328125 0.59228515625 0.4723307296875 0.5849609375 0.4700520828125 0.557861328125 0.4658203125 0.53125 0.4632161453125 0.520751953125 0.4632161453125 0.517578125 0.4645182296875 0.5146484375 0.4684244796875 0.510498046875 0.4944661453125 0.509033203125 0.5201822921875 0.50634765625 0.5358072921875 0.505615234375 0.548828125 0.50537109375 0.5576171875 0.506591796875 0.564453125 0.508544921875 0.5686848953125 0.511962890625 0.5709635421875
7 0.59423828125 0.3697916671875 0.603271484375 0.3772786453125 0.606201171875 0.3834635421875 0.6123046875 0.3860677078125 0.626220703125 0.3880208328125 0.632568359375 0.38671875 0.65673828125 0.3893229171875 0.66552734375 0.3893229171875 0.669921875 0.38671875 0.67333984375 0.3736979171875 0.677001953125 0.3076171875 0.67626953125 0.296875 0.674560546875 0.2932942703125 0.6708984375 0.2913411453125 0.6591796875 0.2893880203125 0.60693359375 0.2854817703125 0.601806640625 0.2897135421875 0.5986328125 0.296875 0.5947265625 0.3525390625 0.593017578125 0.3590494796875 0.59326171875 0.3678385421875 0.59423828125 0.3697916671875
7 0.6025390625 0.201171875 0.630126953125 0.201171875 0.633544921875 0.1888020828125 0.63916015625 0.1578776046875 0.643310546875 0.1298828125 0.642578125 0.123046875 0.639892578125 0.1194661453125 0.63427734375 0.1175130203125 0.592529296875 0.1103515625 0.577880859375 0.1106770828125 0.57470703125 0.1155598953125 0.572509765625 0.1227213546875 0.5615234375 0.1751302078125 0.562255859375 0.1891276046875 0.564208984375 0.1927083328125 0.566650390625 0.1940104171875 0.6025390625 0.201171875
9 0.425537109375 0.1328125 0.435302734375 0.1422526046875 0.45849609375 0.1455078125 0.473388671875 0.1451822921875 0.474609375 0.1438802078125 0.47509765625 0.1370442703125 0.477294921875 0.1305338546875 0.481689453125 0.125 0.485595703125 0.1087239578125 0.48828125 0.095703125 0.489501953125 0.080078125 0.489013671875 0.07063802031250001 0.4873046875 0.0673828125 0.48486328125 0.06575520781250001 0.478271484375 0.064453125 0.440673828125 0.06119791718749999 0.431640625 0.0615234375 0.42919921875 0.06282552031250001 0.42626953125 0.06770833281250001 0.4130859375 0.1197916671875 0.41357421875 0.1298828125 0.414794921875 0.1321614578125 0.422607421875 0.1315104171875 0.425537109375 0.1328125
9 0.484130859375 0.6389973953125 0.49853515625 0.6389973953125 0.50537109375 0.6419270828125 0.508544921875 0.6383463546875 0.50927734375 0.6295572921875 0.506103515625 0.5875651046875 0.505859375 0.5677083328125 0.504638671875 0.5608723953125 0.50390625 0.5393880203125 0.50244140625 0.5361328125 0.498046875 0.5322265625 0.492431640625 0.5319010421875 0.428466796875 0.541015625 0.423828125 0.544921875 0.42138671875 0.5524088546875 0.423095703125 0.634765625 0.42529296875 0.6442057296875 0.432373046875 0.6461588546875 0.484130859375 0.6389973953125
13 0.32958984375 0.5537109375 0.3388671875 0.5589192703125 0.354248046875 0.5572916671875 0.357177734375 0.5553385421875 0.3623046875 0.5462239578125 0.3876953125 0.4967447921875 0.390625 0.4876302078125 0.390625 0.4811197921875 0.388916015625 0.4739583328125 0.38134765625 0.4661458328125 0.335205078125 0.435546875 0.32763671875 0.4339192703125 0.322265625 0.439453125 0.293212890625 0.4931640625 0.285888671875 0.5087890625 0.285400390625 0.5133463546875 0.286376953125 0.5182291671875 0.289306640625 0.5218098953125 0.32958984375 0.5537109375
13 0.5947265625 0.2952473953125 0.59814453125 0.294921875 0.601806640625 0.2880859375 0.6070148921875 0.2848307296875 0.634765625 0.2858072921875 0.659912109375 0.2890625 0.663330078125 0.2874348953125 0.6650390625 0.265625 0.665771484375 0.23307291718749998 0.66552734375 0.2138671875 0.663330078125 0.2060546875 0.658203125 0.20377604218749998 0.646240234375 0.20279947968749998 0.5986328125 0.20345052031250002 0.595458984375 0.2041015625 0.5927734375 0.20670572968749998 0.5908203125 0.21647135468749998 0.587646484375 0.2701822921875 0.587890625 0.2864583328125 0.590576171875 0.2936197921875 0.5947265625 0.2952473953125
6 0.518310546875 0.3727213546875 0.521728515625 0.376953125 0.524169921875 0.3766276046875 0.528076171875 0.3684895828125 0.53369140625 0.365234375 0.544189453125 0.3645833328125 0.552490234375 0.3668619796875 0.568359375 0.3675130203125 0.59033203125 0.3603515625 0.592041015625 0.3587239578125 0.59375 0.3460286453125 0.59228515625 0.328125 0.58740234375 0.3004557296875 0.587158203125 0.2932942703125 0.585205078125 0.2874348953125 0.58251953125 0.271484375 0.57958984375 0.2672526046875 0.57421875 0.2662760421875 0.539794921875 0.2737630203125 0.514892578125 0.2815755203125 0.509765625 0.2861328125 0.50830078125 0.2897135421875 0.50830078125 0.294921875 0.512939453125 0.3349609375 0.518310546875 0.3727213546875
18 0.486572265625 0.2897135421875 0.496337890625 0.2903645828125 0.506103515625 0.2884114578125 0.5126953125 0.28125 0.5166015625 0.279296875 0.524658203125 0.2763671875 0.55126953125 0.2708333328125 0.554931640625 0.2688802078125 0.552001953125 0.2021484375 0.55029296875 0.1959635421875 0.546630859375 0.1927083328125 0.54248046875 0.1927083328125 0.53662109375 0.1949869796875 0.4873046875 0.2001953125 0.48388671875 0.2021484375 0.48046875 0.21321614531250002 0.48095703125 0.2692057296875 0.48291015625 0.283203125 0.484130859375 0.287109375 0.486572265625 0.2897135421875
18 0.715087890625 0.3190104171875 0.725341796875 0.3203125 0.738037109375 0.3248697921875 0.7451171875 0.3248697921875 0.749267578125 0.3209635421875 0.753173828125 0.3098958328125 0.764404296875 0.2552083328125 0.7666015625 0.2373046875 0.765380859375 0.23404947968749998 0.759765625 0.23014322968749998 0.70361328125 0.21419270781250002 0.69580078125 0.21354166718749998 0.692138671875 0.21712239531250002 0.67578125 0.2854817703125 0.67578125 0.2926432296875 0.6787109375 0.3046875 0.681396484375 0.3072916671875 0.715087890625 0.3190104171875
10 0.702392578125 0.4202473953125 0.706298828125 0.4290364578125 0.712158203125 0.4332682296875 0.748291015625 0.4498697921875 0.755615234375 0.4501953125 0.759033203125 0.4466145828125 0.763916015625 0.435546875 0.779541015625 0.3792317703125 0.78271484375 0.3658854171875 0.78271484375 0.3597005203125 0.779052734375 0.353515625 0.769775390625 0.3483072921875 0.716796875 0.3258463546875 0.70947265625 0.3258463546875 0.706298828125 0.3287760421875 0.703857421875 0.3349609375 0.682861328125 0.404296875 0.682373046875 0.4078776046875 0.68310546875 0.4088541671875 0.699462890625 0.4169921875 0.702392578125 0.4202473953125
10 0.400146484375 0.2373046875 0.404052734375 0.24186197968749998 0.409912109375 0.2412109375 0.414306640625 0.23828125 0.45654296875 0.20247395781250002 0.458740234375 0.1995442703125 0.45947265625 0.1959635421875 0.458984375 0.1888020828125 0.455078125 0.1764322921875 0.430419921875 0.1389973953125 0.426025390625 0.1341145828125 0.422607421875 0.1324869796875 0.414794921875 0.1337890625 0.373046875 0.1689453125 0.369873046875 0.1728515625 0.369140625 0.1796875 0.373046875 0.19140625 0.3916015625 0.22102864531250002 0.400146484375 0.2373046875
1 0.297607421875 0.3684895828125 0.302490234375 0.3662109375 0.339111328125 0.3141276046875 0.342041015625 0.30859375 0.342529296875 0.3020833328125 0.340087890625 0.2932942703125 0.335693359375 0.287109375 0.301513671875 0.2578125 0.29638671875 0.25390625 0.2919921875 0.2532552078125 0.28759765625 0.2552083328125 0.27880859375 0.265625 0.251220703125 0.3046875 0.247314453125 0.3121744796875 0.24755859375 0.3203125 0.25341796875 0.3287760421875 0.292236328125 0.3665364578125 0.297607421875 0.3684895828125
1 0.480712890625 0.20930989531250002 0.484375 0.20052083281250002 0.489013671875 0.1985677078125 0.50927734375 0.1949869796875 0.54443359375 0.1917317703125 0.546875 0.1904296875 0.545654296875 0.1334635421875 0.543701171875 0.1246744796875 0.541748046875 0.1220703125 0.539794921875 0.1207682296875 0.53125 0.1204427078125 0.4912109375 0.1259765625 0.47998046875 0.1292317703125 0.47705078125 0.1331380203125 0.476318359375 0.1380208328125 0.4755859375 0.1477864578125 0.476806640625 0.1966145828125 0.477783203125 0.20247395781250002 0.480712890625 0.20930989531250002
12 0.585693359375 0.4690755203125 0.591552734375 0.4713541671875 0.59326171875 0.470703125 0.595947265625 0.4622395828125 0.603759765625 0.3974609375 0.60400390625 0.3834635421875 0.602783203125 0.3795572921875 0.60107421875 0.3766276046875 0.59765625 0.3746744796875 0.574951171875 0.3704427078125 0.54248046875 0.3658854171875 0.53564453125 0.3658854171875 0.529296875 0.3688151046875 0.52392578125 0.3821614578125 0.51513671875 0.4417317703125 0.51513671875 0.4563802078125 0.518798828125 0.4619140625 0.564453125 0.4654947921875 0.585693359375 0.4690755203125