14 0.319091796875 0.6302083328125 0.321044921875 0.6354166671875 0.323974609375 0.6389973953125 0.327880859375 0.6422526046875 0.33447265625 0.6432291671875 0.345703125 0.6412760421875 0.36865234375 0.6416015625 0.401123046875 0.6389973953125 0.404541015625 0.6376953125 0.407470703125 0.6334635421875 0.41015625 0.6207682296875 0.403564453125 0.5846354171875 0.4033203125 0.5732421875 0.4052734375 0.5628255203125 0.4052734375 0.5550130203125 0.403564453125 0.533203125 0.400634765625 0.5231119796875 0.39697265625 0.5208333328125 0.389404296875 0.5201822921875 0.323974609375 0.5247395828125 0.31591796875 0.5286458328125 0.310791015625 0.537109375 0.31103515625 0.5511067703125 0.31298828125 0.5618489578125 0.31396484375 0.5817057296875 0.319091796875 0.6302083328125
1 0.51220703125 0.6438802078125 0.5224609375 0.6455078125 0.5810546875 0.6315104171875 0.591064453125 0.6279296875 0.59716796875 0.6233723953125 0.59814453125 0.6171875 0.59765625 0.609375 0.59130859375 0.5745442703125 0.586669921875 0.5400390625 0.581298828125 0.5152994796875 0.576171875 0.5139973953125 0.529052734375 0.5201822921875 0.50146484375 0.5270182296875 0.49658203125 0.5299479171875 0.492431640625 0.5397135421875 0.49462890625 0.5602213546875 0.50634765625 0.6236979171875 0.510009765625 0.6402994796875 0.51220703125 0.6438802078125
1 0.32763671875 0.5061848953125 0.33154296875 0.5104166671875 0.3349609375 0.5113932296875 0.340576171875 0.509765625 0.403564453125 0.4811197921875 0.41162109375 0.4755859375 0.4140625 0.4703776046875 0.41455078125 0.466796875 0.407470703125 0.451171875 0.380126953125 0.3603515625 0.373046875 0.3603515625 0.321044921875 0.3844401046875 0.30029296875 0.3951822921875 0.296142578125 0.4010416671875 0.296142578125 0.408203125 0.29833984375 0.4176432296875 0.324462890625 0.4996744796875 0.32763671875 0.5061848953125
1 0.779052734375 0.6904296875 0.789794921875 0.7067057296875 0.794189453125 0.7093098953125 0.7998046875 0.7086588546875 0.811767578125 0.7005208328125 0.818115234375 0.6936848953125 0.831787109375 0.6829427078125 0.863037109375 0.654296875 0.86669921875 0.6497395828125 0.868896484375 0.6442057296875 0.86767578125 0.6370442703125 0.863525390625 0.6276041671875 0.828369140625 0.5641276046875 0.82177734375 0.5546875 0.814453125 0.5501302078125 0.80859375 0.5517578125 0.79833984375 0.5598958328125 0.795654296875 0.5634765625 0.7939453125 0.5732421875 0.7900390625 0.580078125 0.783203125 0.5830078125 0.775390625 0.5836588546875 0.771240234375 0.5856119796875 0.748291015625 0.60546875 0.742431640625 0.6126302078125 0.7412109375 0.6155598953125 0.7412109375 0.6201171875 0.744873046875 0.6298828125 0.779052734375 0.6904296875
1 0.613037109375 0.5100911453125 0.684814453125 0.5048828125 0.694580078125 0.5 0.697021484375 0.4908854171875 0.69775390625 0.4593098953125 0.6962890625 0.3902994796875 0.695068359375 0.3815104171875 0.69287109375 0.3776041671875 0.68603515625 0.3740234375 0.67822265625 0.3740234375 0.665283203125 0.3759765625 0.65771484375 0.37890625 0.636962890625 0.3785807296875 0.606201171875 0.3811848953125 0.59912109375 0.3837890625 0.595947265625 0.3902994796875 0.600341796875 0.4921875 0.6015625 0.5 0.6044921875 0.5078125 0.613037109375 0.5100911453125
0 0.494384765625 0.3447265625 0.498046875 0.3453776046875 0.502197265625 0.3434244796875 0.507080078125 0.337890625 0.554931640625 0.2705078125 0.562255859375 0.2594401046875 0.563720703125 0.2552083328125 0.5625 0.24772135468749998 0.554443359375 0.23470052031250002 0.50830078125 0.1715494796875 0.499267578125 0.1614583328125 0.495361328125 0.1598307296875 0.49072265625 0.1614583328125 0.479736328125 0.17578125 0.431640625 0.24609375 0.4296875 0.2513020828125 0.4296875 0.2587890625 0.43603515625 0.26953125 0.488037109375 0.3391927078125 0.494384765625 0.3447265625
0 0.4150390625 0.4645182296875 0.420654296875 0.4651692703125 0.42626953125 0.4638671875 0.4912109375 0.4332682296875 0.49658203125 0.4293619796875 0.49853515625 0.42578125 0.49853515625 0.4150390625 0.495361328125 0.3971354171875 0.481689453125 0.3453776046875 0.47119140625 0.3190104171875 0.466796875 0.3125 0.463623046875 0.3102213546875 0.452392578125 0.3134765625 0.389404296875 0.3444010421875 0.3837890625 0.3486328125 0.38134765625 0.353515625 0.38134765625 0.3603515625 0.397216796875 0.416015625 0.41064453125 0.4580078125 0.4150390625 0.4645182296875
11 0.509033203125 0.515625 0.514892578125 0.5185546875 0.52294921875 0.5188802078125 0.58251953125 0.5126953125 0.594970703125 0.5100911453125 0.599365234375 0.5048828125 0.599853515625 0.4938151046875 0.595458984375 0.3987630203125 0.5927734375 0.38671875 0.587890625 0.3831380203125 0.509521484375 0.3916015625 0.505859375 0.3929036453125 0.500732421875 0.3974609375 0.4990234375 0.4039713546875 0.5 0.4322916671875 0.505615234375 0.5022786453125 0.50732421875 0.5120442703125 0.509033203125 0.515625
15 0.599853515625 0.623046875 0.601806640625 0.6256510421875 0.607421875 0.6285807296875 0.635009765625 0.6285807296875 0.677978515625 0.625 0.685302734375 0.6233723953125 0.6904296875 0.6194661453125 0.692626953125 0.6136067703125 0.69091796875 0.525390625 0.690185546875 0.5149739578125 0.687744140625 0.5078125 0.68603515625 0.5065104171875 0.6796875 0.5065104171875 0.602294921875 0.5087890625 0.596923828125 0.51171875 0.5947265625 0.5172526046875 0.594970703125 0.5501302078125 0.59765625 0.6009114578125 0.598876953125 0.6175130203125 0.599853515625 0.623046875
15 0.427978515625 0.673828125 0.43359375 0.67578125 0.44677734375 0.6731770828125 0.497802734375 0.658203125 0.50537109375 0.654296875 0.508544921875 0.6510416671875 0.510009765625 0.6432291671875 0.492431640625 0.55078125 0.48876953125 0.541015625 0.48486328125 0.5390625 0.480712890625 0.5397135421875 0.414306640625 0.5592447921875 0.408447265625 0.5628255203125 0.404052734375 0.5725911453125 0.404541015625 0.5846354171875 0.41259765625 0.623046875 0.423828125 0.6669921875 0.427978515625 0.673828125
16 0.5947265625 0.7395833328125 0.631103515625 0.7395833328125 0.665283203125 0.7373046875 0.67138671875 0.7353515625 0.674560546875 0.7320963546875 0.67626953125 0.7229817703125 0.674072265625 0.6692708328125 0.67431640625 0.6494140625 0.673095703125 0.6302083328125 0.67138671875 0.6272786453125 0.666015625 0.6263020828125 0.634619140625 0.6292317703125 0.605712890625 0.6295572921875 0.597900390625 0.626953125 0.582763671875 0.6328125 0.58154296875 0.6344401046875 0.583740234375 0.7047526046875 0.586669921875 0.7301432296875 0.588623046875 0.7353515625 0.5947265625 0.7395833328125
17 0.56640625 0.8733723953125001 0.571044921875 0.8759765625 0.57470703125 0.875 0.58740234375 0.8662109375 0.613525390625 0.8450520828125001 0.630859375 0.8274739578125001 0.633544921875 0.8209635421874999 0.632568359375 0.8069661453125001 0.630126953125 0.7994791671875 0.599609375 0.7483723953125 0.595458984375 0.7428385421875 0.58837890625 0.73828125 0.573486328125 0.7483723953125 0.5498046875 0.7581380203125 0.525390625 0.7783203125 0.52099609375 0.7864583328125 0.5205078125 0.8001302078125001 0.528564453125 0.8173828125 0.559814453125 0.8658854171874999 0.56640625 0.8733723953125001
18 0.50146484375 0.7613932296875 0.50537109375 0.767578125 0.515625 0.7679036453125 0.570068359375 0.7483723953125 0.582763671875 0.7412109375 0.586181640625 0.7353515625 0.586181640625 0.73046875 0.5830078125 0.7141927078125 0.564208984375 0.6432291671875 0.56103515625 0.6376953125 0.5458984375 0.6402994796875 0.523193359375 0.6468098953125 0.511962890625 0.6468098953125 0.510498046875 0.650390625 0.50439453125 0.65625 0.48095703125 0.6643880203125 0.4765625 0.6689453125 0.47607421875 0.6715494796875 0.478515625 0.6819661453125 0.494140625 0.7373046875 0.50146484375 0.7613932296875
18 0.50830078125 0.9430338546874999 0.514404296875 0.9423828125 0.5224609375 0.9371744796874999 0.52880859375 0.9306640625 0.560791015625 0.9049479171874999 0.567626953125 0.8977864578125001 0.570556640625 0.8938802078125001 0.5712890625 0.8909505203125001 0.571044921875 0.8779296875 0.5634765625 0.8723958328125001 0.559326171875 0.8671875 0.552978515625 0.8561197921874999 0.537841796875 0.8346354171874999 0.51904296875 0.8030598953125001 0.511962890625 0.8069661453125001 0.466064453125 0.84765625 0.46142578125 0.85546875 0.45947265625 0.8642578125 0.45947265625 0.8733723953125001 0.462890625 0.8824869796874999 0.498046875 0.9319661453125001 0.50830078125 0.9430338546874999
13 0.338623046875 0.3492838546875 0.346923828125 0.3522135421875 0.356689453125 0.3499348953125 0.411376953125 0.3326822921875 0.42626953125 0.3251953125 0.429931640625 0.3212890625 0.430419921875 0.3138020828125 0.4287109375 0.3011067703125 0.414794921875 0.23046875 0.408447265625 0.203125 0.404541015625 0.1975911453125 0.4013671875 0.1959635421875 0.397216796875 0.1959635421875 0.389892578125 0.1979166671875 0.34130859375 0.21516927031250002 0.318359375 0.22395833281250002 0.31396484375 0.22721354218749998 0.312744140625 0.23079427031250002 0.3125 0.23763020781250002 0.317626953125 0.2652994796875 0.3349609375 0.3411458328125 0.338623046875 0.3492838546875
13 0.70556640625 0.5856119796875 0.718017578125 0.5856119796875 0.76953125 0.5830078125 0.7861328125 0.5807291671875 0.7900390625 0.5787760421875 0.79248046875 0.5748697921875 0.79541015625 0.55859375 0.797607421875 0.490234375 0.797119140625 0.4661458328125 0.793701171875 0.4593098953125 0.702392578125 0.4641927078125 0.69970703125 0.4671223953125 0.69873046875 0.470703125 0.69873046875 0.4938151046875 0.69580078125 0.5045572921875 0.6953125 0.5680338546875 0.698486328125 0.5791015625 0.702392578125 0.583984375 0.70556640625 0.5856119796875
12 0.422119140625 0.7952473953125 0.42578125 0.7962239578125 0.435302734375 0.7942708328125 0.4775390625 0.7802734375 0.4951171875 0.7727864578125 0.499755859375 0.7662760421875 0.5 0.7604166671875 0.4755859375 0.6682942703125 0.474365234375 0.6673177078125 0.469482421875 0.6673177078125 0.438232421875 0.6767578125 0.431884765625 0.6770833328125 0.421875 0.6744791671875 0.40087890625 0.6842447921875 0.39697265625 0.6891276046875 0.393798828125 0.6985677078125 0.39404296875 0.7083333328125 0.40625 0.751953125 0.417236328125 0.7884114578125 0.422119140625 0.7952473953125
16 0.29638671875 0.7591145828125 0.300048828125 0.7594401046875 0.304443359375 0.7565104171875 0.310791015625 0.7493489578125 0.342529296875 0.7057291671875 0.3525390625 0.6891276046875 0.3544921875 0.6790364578125 0.352783203125 0.6744791671875 0.342529296875 0.6608072921875 0.305419921875 0.6181640625 0.297119140625 0.6106770828125 0.29248046875 0.6097005203125 0.2880859375 0.6123046875 0.2626953125 0.6477864578125 0.24072265625 0.6809895828125 0.23828125 0.6875 0.23828125 0.6930338546875 0.244873046875 0.7034505203125 0.287841796875 0.751953125 0.29638671875 0.7591145828125
6 0.681884765625 0.7789713546875 0.68408203125 0.7822265625 0.6884765625 0.78515625 0.7041015625 0.7858072921875 0.755126953125 0.779296875 0.7666015625 0.7766927078125 0.770263671875 0.7731119796875 0.77197265625 0.7688802078125 0.7724609375 0.7620442703125 0.7705078125 0.6809895828125 0.769287109375 0.6751302078125 0.76123046875 0.6611328125 0.75439453125 0.6585286453125 0.688720703125 0.666015625 0.67822265625 0.6689453125 0.675537109375 0.6725260421875 0.675048828125 0.6783854171875 0.678466796875 0.7587890625 0.679931640625 0.7721354171875 0.681884765625 0.7789713546875
18 0.697998046875 0.4505208328125 0.698974609375 0.4576822921875 0.701416015625 0.4622395828125 0.70751953125 0.4641927078125 0.716552734375 0.4641927078125 0.783203125 0.458984375 0.790283203125 0.4576822921875 0.79443359375 0.4534505203125 0.79736328125 0.4436848953125 0.799072265625 0.3736979171875 0.79931640625 0.337890625 0.798095703125 0.3317057296875 0.796142578125 0.3284505203125 0.787353515625 0.3248697921875 0.779296875 0.3245442703125 0.702880859375 0.3313802078125 0.697998046875 0.3343098953125 0.69482421875 0.3395182296875 0.6943359375 0.3645833328125 0.695068359375 0.3772786453125 0.697265625 0.3899739578125 0.697998046875 0.4505208328125
9 0.650634765625 0.3766276046875 0.657958984375 0.376953125 0.662109375 0.3736979171875 0.7099609375 0.2965494796875 0.717041015625 0.2838541671875 0.718017578125 0.27734375 0.717041015625 0.2724609375 0.706298828125 0.2581380203125 0.653076171875 0.20247395781250002 0.647216796875 0.1975911453125 0.643310546875 0.1966145828125 0.639892578125 0.1979166671875 0.636474609375 0.20149739531250002 0.584716796875 0.2897135421875 0.581787109375 0.2975260421875 0.581787109375 0.3014322921875 0.58447265625 0.3082682296875 0.61279296875 0.3388671875 0.650634765625 0.3766276046875
4 0.677490234375 0.9020182296874999 0.68408203125 0.9055989578125001 0.689208984375 0.90625 0.691650390625 0.9046223953125001 0.7001953125 0.8929036453125001 0.726806640625 0.8460286453125001 0.73291015625 0.8336588546874999 0.734375 0.828125 0.734130859375 0.8238932296874999 0.73095703125 0.814453125 0.728515625 0.810546875 0.720458984375 0.802734375 0.699462890625 0.7884114578125 0.685546875 0.7848307296875 0.6806640625 0.7796223953125 0.677978515625 0.7724609375 0.667236328125 0.7649739578125 0.661376953125 0.7633463546875 0.657958984375 0.765625 0.6533203125 0.7721354171875 0.63525390625 0.806640625 0.63330078125 0.8238932296874999 0.62890625 0.8317057296874999 0.620361328125 0.8388671875 0.61865234375 0.8427734375 0.6181640625 0.8489583328125001 0.61962890625 0.857421875 0.623046875 0.8636067703125001 0.677490234375 0.9020182296874999