0 0.4423828125 0.385009765625 0.44921875 0.38525390625 0.5065104171875 0.364013671875 0.5234375 0.356201171875 0.5328776046875 0.349853515625 0.5328776046875 0.341796875 0.51171875 0.308837890625 0.4925130203125 0.28466796875 0.484375 0.279296875 0.4775390625 0.279541015625 0.4410807296875 0.2939453125 0.4052734375 0.305908203125 0.3968098953125 0.309814453125 0.3935546875 0.3134765625 0.3938802078125 0.3203125 0.3997395828125 0.330078125 0.4352213546875 0.3798828125 0.4423828125 0.385009765625
0 0.6962890625 0.48828125 0.703125 0.489990234375 0.7161458328125 0.488037109375 0.7828776046875 0.4755859375 0.7965494796875 0.47265625 0.7981770828125 0.47119140625 0.8001302078125001 0.46337890625 0.7822265625 0.41162109375 0.7779947921875 0.40087890625 0.7750651046875 0.3974609375 0.7679036453125 0.39599609375 0.7600911453125 0.396240234375 0.6956380203125 0.407470703125 0.6800130203125 0.411376953125 0.6728515625 0.416015625 0.6715494796875 0.419677734375 0.673828125 0.428955078125 0.6927083328125 0.48388671875 0.6962890625 0.48828125
0 0.3525390625 0.525634765625 0.3557942703125 0.5283203125 0.3671875 0.52978515625 0.4029947921875 0.524658203125 0.453125 0.51611328125 0.4567057296875 0.51513671875 0.4602864578125 0.512451171875 0.4606119796875 0.504150390625 0.4446614578125 0.44580078125 0.4407552078125 0.439453125 0.4361979171875 0.436279296875 0.4251302078125 0.43603515625 0.4026692703125 0.43994140625 0.3828125 0.441650390625 0.3460286453125 0.447265625 0.3401692703125 0.448974609375 0.333984375 0.453857421875 0.3333333328125 0.456787109375 0.3349609375 0.4638671875 0.3483072921875 0.513671875 0.3525390625 0.525634765625
0 0.6018880203125 0.594970703125 0.6129557296875 0.59423828125 0.6334635421875 0.587646484375 0.6572265625 0.582275390625 0.69140625 0.5712890625 0.6962890625 0.56787109375 0.6966145828125 0.5625 0.6930338546875 0.55322265625 0.6653645828125 0.50048828125 0.658203125 0.493896484375 0.640625 0.49658203125 0.5680338546875 0.515625 0.5625 0.518798828125 0.560546875 0.521484375 0.5608723953125 0.529541015625 0.5813802078125 0.572265625 0.5914713546875 0.589111328125 0.6018880203125 0.594970703125
12 0.4781901046875 0.939208984375 0.484375 0.94140625 0.4908854171875 0.94140625 0.4947916671875 0.93994140625 0.4990234375 0.935791015625 0.5227864578125 0.907958984375 0.5465494796875 0.878662109375 0.5494791671875 0.873291015625 0.5498046875 0.86962890625 0.546875 0.863037109375 0.54296875 0.858642578125 0.470703125 0.82421875 0.462890625 0.821533203125 0.4573567703125 0.821044921875 0.4508463546875 0.82421875 0.4329427078125 0.84423828125 0.404296875 0.880615234375 0.4000651046875 0.890625 0.3994140625 0.8974609375 0.4010416671875 0.900390625 0.4117838546875 0.90771484375 0.4781901046875 0.939208984375
4 0.2939453125 0.192138671875 0.296875 0.19384765625 0.3001302078125 0.19384765625 0.3043619796875 0.18994140625 0.3349609375 0.181396484375 0.39453125 0.170654296875 0.3951822921875 0.16357421875 0.3919270828125 0.154541015625 0.3733723953125 0.112548828125 0.3665364578125 0.099853515625 0.3642578125 0.09814453125 0.3567708328125 0.096435546875 0.3382161453125 0.0986328125 0.2747395828125 0.111083984375 0.2688802078125 0.11279296875 0.2643229171875 0.1162109375 0.2620442703125 0.11962890625 0.2692057296875 0.14013671875 0.2861328125 0.17919921875 0.2939453125 0.192138671875
4 0.3317057296875 0.2646484375 0.3444010421875 0.266845703125 0.3642578125 0.267822265625 0.3727213546875 0.26513671875 0.3909505203125 0.262451171875 0.4251302078125 0.255126953125 0.4293619796875 0.2529296875 0.4322916671875 0.248046875 0.4322916671875 0.23974609375 0.421875 0.214599609375 0.4176432296875 0.19921875 0.4095052078125 0.18212890625 0.4039713546875 0.17431640625 0.4000651046875 0.1728515625 0.3932291671875 0.172607421875 0.3284505203125 0.183349609375 0.30859375 0.188232421875 0.3030598953125 0.1923828125 0.3014322921875 0.196044921875 0.3030598953125 0.203369140625 0.3291015625 0.2626953125 0.3317057296875 0.2646484375
4 0.419921875 0.6025390625 0.4248046875 0.606201171875 0.4319661453125 0.607177734375 0.5013020828125 0.595458984375 0.5188802078125 0.59228515625 0.5266927078125 0.588623046875 0.5283203125 0.58154296875 0.51953125 0.547607421875 0.5104166671875 0.51806640625 0.5048828125 0.510986328125 0.498046875 0.509521484375 0.4169921875 0.522705078125 0.404296875 0.52587890625 0.4013671875 0.530029296875 0.4013671875 0.536376953125 0.408203125 0.558837890625 0.416015625 0.59521484375 0.419921875 0.6025390625
20 0.4876302078125 0.279541015625 0.4915364578125 0.281982421875 0.5084635421875 0.30322265625 0.5247395828125 0.317626953125 0.5325520828125 0.322265625 0.5364583328125 0.322265625 0.5462239578125 0.318603515625 0.6002604171875 0.283447265625 0.609375 0.276123046875 0.6119791671875 0.27197265625 0.6119791671875 0.26904296875 0.6067708328125 0.26220703125 0.5572916671875 0.220458984375 0.5501302078125 0.21533203125 0.5472005203125 0.214599609375 0.5423177078125 0.214599609375 0.5364583328125 0.216552734375 0.4742838546875 0.254638671875 0.4697265625 0.259033203125 0.4684244796875 0.26611328125 0.47265625 0.272705078125 0.4801432296875 0.277587890625 0.4876302078125 0.279541015625
20 0.5498046875 0.782958984375 0.5569661453125 0.785888671875 0.5608723953125 0.785888671875 0.5651041671875 0.7841796875 0.5748697921875 0.7763671875 0.6165364578125 0.73486328125 0.6236979171875 0.72705078125 0.6253255203125 0.72265625 0.623046875 0.717041015625 0.6126302078125 0.708984375 0.5465494796875 0.669189453125 0.5387369796875 0.66796875 0.5319010421875 0.671142578125 0.5240885421875 0.6796875 0.5123697921875 0.689208984375 0.5042317703125 0.69873046875 0.4967447921875 0.7109375 0.494140625 0.712890625 0.4850260421875 0.716064453125 0.474609375 0.727294921875 0.4736328125 0.730224609375 0.474609375 0.734130859375 0.4814453125 0.741943359375 0.5498046875 0.782958984375
10 0.4833984375 0.71337890625 0.4908854171875 0.712646484375 0.4973958328125 0.707275390625 0.5104166671875 0.687255859375 0.5328776046875 0.643798828125 0.5322265625 0.636962890625 0.5260416671875 0.6318359375 0.4752604171875 0.615478515625 0.4488932296875 0.607666015625 0.4391276046875 0.60693359375 0.435546875 0.60791015625 0.4283854171875 0.61181640625 0.4248046875 0.6162109375 0.3938802078125 0.677001953125 0.3932291671875 0.682373046875 0.3974609375 0.686279296875 0.4762369796875 0.7119140625 0.4833984375 0.71337890625
10 0.6555989578125 0.70556640625 0.6614583328125 0.705322265625 0.6725260421875 0.7001953125 0.7272135421875 0.666015625 0.7366536453125 0.658203125 0.7369791671875 0.654296875 0.7350260421875 0.651123046875 0.7076822921875 0.62353515625 0.6809895828125 0.59814453125 0.6754557296875 0.594482421875 0.6722005203125 0.59375 0.6647135421875 0.59423828125 0.6477864578125 0.602294921875 0.5966796875 0.633544921875 0.5914713546875 0.639404296875 0.591796875 0.64404296875 0.6018880203125 0.655029296875 0.646484375 0.69970703125 0.6555989578125 0.70556640625
10 0.3375651046875 0.639404296875 0.3528645828125 0.64013671875 0.3570963546875 0.6376953125 0.3642578125 0.627197265625 0.3955078125 0.571044921875 0.3955078125 0.56640625 0.3932291671875 0.5634765625 0.3870442703125 0.560546875 0.3206380203125 0.53955078125 0.3037109375 0.53564453125 0.2965494796875 0.53564453125 0.29296875 0.537353515625 0.2877604171875 0.54345703125 0.2516276046875 0.605224609375 0.2516276046875 0.610107421875 0.25390625 0.61279296875 0.2591145828125 0.614990234375 0.3375651046875 0.639404296875
10 0.462890625 0.49560546875 0.474609375 0.495849609375 0.552734375 0.48779296875 0.5631510421875 0.48486328125 0.5654296875 0.477294921875 0.5550130203125 0.42236328125 0.5514322921875 0.411376953125 0.5465494796875 0.40771484375 0.5403645828125 0.406494140625 0.5322265625 0.40673828125 0.4534505203125 0.414794921875 0.4475911453125 0.41748046875 0.4459635421875 0.4208984375 0.4459635421875 0.43212890625 0.4580078125 0.4912109375 0.4599609375 0.494384765625 0.462890625 0.49560546875
9 0.5673828125 0.496826171875 0.5696614578125 0.498291015625 0.5791015625 0.5 0.5891927078125 0.49951171875 0.6389973953125 0.49365234375 0.6487630203125 0.493408203125 0.6682942703125 0.48974609375 0.6728515625 0.48779296875 0.6748046875 0.484619140625 0.6731770828125 0.470703125 0.6627604171875 0.421630859375 0.6604817703125 0.41552734375 0.6578776046875 0.412841796875 0.654296875 0.4111328125 0.6461588546875 0.41064453125 0.6057942703125 0.414306640625 0.5641276046875 0.4189453125 0.5576171875 0.421630859375 0.556640625 0.423095703125 0.5572916671875 0.4326171875 0.5657552078125 0.469970703125 0.5651041671875 0.49169921875 0.5673828125 0.496826171875
9 0.22688802031250002 0.502197265625 0.23209635468749998 0.50439453125 0.24479166718749998 0.5048828125 0.3307291671875 0.49560546875 0.3372395828125 0.49267578125 0.3382161453125 0.486328125 0.3326822921875 0.460693359375 0.3313802078125 0.43896484375 0.3264973953125 0.421630859375 0.3203125 0.41455078125 0.3147786453125 0.4130859375 0.3043619796875 0.413330078125 0.22135416718749998 0.421630859375 0.216796875 0.422607421875 0.212890625 0.425537109375 0.21256510468749998 0.430419921875 0.22233072968749998 0.49267578125 0.2236328125 0.498291015625 0.22688802031250002 0.502197265625
9 0.353515625 0.35546875 0.3600260421875 0.354248046875 0.3642578125 0.3515625 0.3655598953125 0.34912109375 0.3785807296875 0.282958984375 0.3785807296875 0.279052734375 0.376953125 0.276123046875 0.3697916671875 0.2724609375 0.359375 0.27001953125 0.3004557296875 0.26171875 0.28125 0.260498046875 0.2727864578125 0.26220703125 0.2679036453125 0.27197265625 0.2552083328125 0.327392578125 0.2565104171875 0.33837890625 0.2652994796875 0.343017578125 0.3450520828125 0.35498046875 0.353515625 0.35546875
18 0.3470052078125 0.44580078125 0.3629557296875 0.44384765625 0.4322916671875 0.4287109375 0.4427083328125 0.423828125 0.4443359375 0.416259765625 0.4368489578125 0.39697265625 0.4192708328125 0.35595703125 0.4147135421875 0.349609375 0.4114583328125 0.34765625 0.408203125 0.3466796875 0.4007161453125 0.347412109375 0.3483072921875 0.357666015625 0.3173828125 0.365478515625 0.3108723953125 0.369384765625 0.3111979171875 0.376708984375 0.3343098953125 0.43359375 0.341796875 0.4453125 0.3470052078125 0.44580078125
19 0.4095052078125 0.179443359375 0.421875 0.19970703125 0.4274088546875 0.206787109375 0.431640625 0.209228515625 0.4358723953125 0.209228515625 0.4459635421875 0.20654296875 0.5120442703125 0.18310546875 0.5179036453125 0.178955078125 0.5205078125 0.175537109375 0.5218098953125 0.169677734375 0.5201822921875 0.16455078125 0.48828125 0.11962890625 0.4794921875 0.109130859375 0.474609375 0.106689453125 0.4700520828125 0.10595703125 0.4583333328125 0.10888671875 0.3912760421875 0.132080078125 0.388671875 0.1337890625 0.3863932296875 0.136962890625 0.38671875 0.140380859375 0.3997395828125 0.16796875 0.4095052078125 0.179443359375
18 0.6865234375 0.19677734375 0.6930338546875 0.193359375 0.6998697921875 0.185546875 0.7268880203125 0.13330078125 0.7281901046875 0.125732421875 0.7252604171875 0.12255859375 0.720703125 0.120361328125 0.6995442703125 0.112548828125 0.6513671875 0.09619140625 0.6402994796875 0.09521484375 0.6341145828125 0.0986328125 0.6295572921875 0.10400390625 0.6064453125 0.144775390625 0.5983072921875 0.16162109375 0.5986328125 0.167724609375 0.60546875 0.17236328125 0.677734375 0.196044921875 0.6865234375 0.19677734375