10 0.6767578125 0.490234375 0.6852213546875 0.489501953125 0.689453125 0.48681640625 0.693359375 0.481689453125 0.7145182296875 0.440185546875 0.71484375 0.428466796875 0.7109375 0.425048828125 0.6891276046875 0.416015625 0.6744791671875 0.413330078125 0.6500651046875 0.405517578125 0.6331380203125 0.40234375 0.6298828125 0.40380859375 0.6266276046875 0.408935546875 0.5983072921875 0.45849609375 0.5986328125 0.463623046875 0.6038411453125 0.46728515625 0.6712239578125 0.489013671875 0.6767578125 0.490234375
10 0.5358072921875 0.578125 0.5390625 0.580078125 0.5432942703125 0.580810546875 0.6149088546875 0.5693359375 0.6295572921875 0.565185546875 0.6334635421875 0.5625 0.6341145828125 0.555908203125 0.6311848953125 0.54736328125 0.6110026046875 0.501220703125 0.6057942703125 0.494873046875 0.5944010421875 0.494384765625 0.5224609375 0.50439453125 0.5152994796875 0.5068359375 0.5126953125 0.51220703125 0.5126953125 0.5185546875 0.5283203125 0.562255859375 0.5328776046875 0.57373046875 0.5358072921875 0.578125
10 0.501953125 0.718017578125 0.5078125 0.714111328125 0.5126953125 0.707275390625 0.5442708328125 0.654296875 0.5465494796875 0.64404296875 0.5403645828125 0.638916015625 0.4873046875 0.618408203125 0.4671223953125 0.611328125 0.4567057296875 0.609130859375 0.453125 0.609375 0.4488932296875 0.61181640625 0.4427083328125 0.619384765625 0.4140625 0.6611328125 0.4065755203125 0.6748046875 0.4059244796875 0.6806640625 0.4114583328125 0.686279296875 0.4602864578125 0.705810546875 0.501953125 0.718017578125
7 0.4742838546875 0.390869140625 0.478515625 0.3916015625 0.5052083328125 0.389404296875 0.509765625 0.385009765625 0.5166015625 0.382568359375 0.5263671875 0.38330078125 0.5445963546875 0.386962890625 0.5501302078125 0.386962890625 0.5553385421875 0.384521484375 0.5602213546875 0.376708984375 0.5598958328125 0.369384765625 0.5475260421875 0.328857421875 0.544921875 0.32421875 0.5406901046875 0.320556640625 0.5341796875 0.319580078125 0.5084635421875 0.31982421875 0.4680989578125 0.32275390625 0.4596354171875 0.32421875 0.4560546875 0.32763671875 0.4576822921875 0.34912109375 0.4612630203125 0.366455078125 0.4661458328125 0.380126953125 0.4742838546875 0.390869140625
7 0.5198567703125 0.247802734375 0.5224609375 0.247314453125 0.5572916671875 0.22119140625 0.5667317703125 0.20947265625 0.5673828125 0.204345703125 0.5641276046875 0.20068359375 0.5364583328125 0.185791015625 0.51171875 0.1748046875 0.5032552078125 0.173583984375 0.498046875 0.175048828125 0.4599609375 0.201904296875 0.4560546875 0.2080078125 0.4563802078125 0.216064453125 0.4606119796875 0.220458984375 0.51171875 0.245849609375 0.5198567703125 0.247802734375
7 0.587890625 0.2705078125 0.5914713546875 0.271728515625 0.5989583328125 0.271484375 0.6546223953125 0.262939453125 0.6624348953125 0.257568359375 0.6647135421875 0.25244140625 0.6630859375 0.24462890625 0.6477864578125 0.22021484375 0.6370442703125 0.20703125 0.6337890625 0.205810546875 0.6263020828125 0.20556640625 0.5729166671875 0.212158203125 0.5641276046875 0.215087890625 0.5625 0.21728515625 0.5598958328125 0.224853515625 0.5634765625 0.234375 0.5784505203125 0.25830078125 0.587890625 0.2705078125
12 0.4622395828125 0.806640625 0.4700520828125 0.805419921875 0.4759114578125 0.79833984375 0.4993489578125 0.739501953125 0.5026041671875 0.728759765625 0.501953125 0.721435546875 0.4986979171875 0.71826171875 0.4772135421875 0.7119140625 0.4212239578125 0.697998046875 0.4069010421875 0.69482421875 0.4010416671875 0.694580078125 0.3948567703125 0.697509765625 0.3916015625 0.701416015625 0.3610026046875 0.7705078125 0.3619791671875 0.779541015625 0.3694661453125 0.784423828125 0.4527994796875 0.80517578125 0.4622395828125 0.806640625
12 0.5113932296875 0.45556640625 0.5673828125 0.467041015625 0.5729166671875 0.4677734375 0.5774739578125 0.467041015625 0.5823567703125 0.463623046875 0.5856119796875 0.458740234375 0.59765625 0.421630859375 0.6009114578125 0.404052734375 0.5970052078125 0.400634765625 0.587890625 0.3974609375 0.5543619796875 0.3896484375 0.53515625 0.38671875 0.5257161453125 0.384033203125 0.5123697921875 0.3837890625 0.5071614578125 0.390869140625 0.4908854171875 0.4375 0.4905598953125 0.439208984375 0.49609375 0.44580078125 0.501953125 0.450439453125 0.5113932296875 0.45556640625
12 0.4020182296875 0.370361328125 0.4127604171875 0.367919921875 0.4205729171875 0.36328125 0.4508463546875 0.32470703125 0.4514973953125 0.318359375 0.44921875 0.314697265625 0.4462890625 0.312744140625 0.4309895828125 0.307861328125 0.4111328125 0.298583984375 0.3828125 0.289306640625 0.3746744796875 0.288818359375 0.37109375 0.289794921875 0.3662109375 0.29345703125 0.333984375 0.327880859375 0.330078125 0.3349609375 0.3304036453125 0.341552734375 0.3349609375 0.34619140625 0.39453125 0.3701171875 0.4020182296875 0.370361328125
12 0.4261067703125 0.304931640625 0.4475911453125 0.312744140625 0.4505208328125 0.3154296875 0.4527994796875 0.322021484375 0.4563802078125 0.322998046875 0.4635416671875 0.321044921875 0.4778645828125 0.302978515625 0.4912109375 0.2890625 0.498046875 0.279296875 0.4996744796875 0.27001953125 0.4977213546875 0.26708984375 0.4664713546875 0.254638671875 0.4378255203125 0.244140625 0.4251302078125 0.24267578125 0.419921875 0.24462890625 0.4163411453125 0.247802734375 0.3837890625 0.28369140625 0.3831380203125 0.28662109375 0.3883463546875 0.29052734375 0.4111328125 0.2978515625 0.4261067703125 0.304931640625
11 0.154296875 0.586669921875 0.1728515625 0.5859375 0.1822916671875 0.584228515625 0.1852213546875 0.58251953125 0.1891276046875 0.57470703125 0.2109375 0.522216796875 0.2109375 0.518310546875 0.20833333281250002 0.511962890625 0.20638020781250002 0.510009765625 0.20149739531250002 0.508544921875 0.1822916671875 0.50537109375 0.1142578125 0.495849609375 0.1061197921875 0.49609375 0.1022135421875 0.49853515625 0.07389322968749999 0.55712890625 0.07161458281250001 0.567138671875 0.07486979218749999 0.571044921875 0.0849609375 0.575439453125 0.154296875 0.586669921875
11 0.1832682296875 0.67431640625 0.2552083328125 0.666748046875 0.2692057296875 0.664306640625 0.2724609375 0.658447265625 0.2724609375 0.650390625 0.267578125 0.599365234375 0.2662760421875 0.591552734375 0.2620442703125 0.58251953125 0.2587890625 0.581298828125 0.24674479218749998 0.580810546875 0.1614583328125 0.588134765625 0.1533203125 0.58984375 0.1494140625 0.5947265625 0.1536458328125 0.66552734375 0.1575520828125 0.67236328125 0.1673177078125 0.6748046875 0.1832682296875 0.67431640625
11 0.5146484375 0.318359375 0.5387369796875 0.3193359375 0.5432942703125 0.3212890625 0.5472005203125 0.32470703125 0.5504557296875 0.332275390625 0.5758463546875 0.341552734375 0.5817057296875 0.341796875 0.5882161453125 0.33642578125 0.6158854171875 0.299560546875 0.6194661453125 0.293212890625 0.6201171875 0.2890625 0.6168619796875 0.285400390625 0.5921223953125 0.275390625 0.5514322921875 0.261962890625 0.5458984375 0.261962890625 0.5397135421875 0.265380859375 0.5172526046875 0.291748046875 0.5084635421875 0.30419921875 0.5071614578125 0.30712890625 0.5071614578125 0.313720703125 0.5094401046875 0.316650390625 0.5146484375 0.318359375
3 0.6295572921875 0.373291015625 0.6334635421875 0.377685546875 0.6389973953125 0.380615234375 0.6442057296875 0.38037109375 0.7057291671875 0.36376953125 0.7109375 0.361083984375 0.7158203125 0.352783203125 0.7158203125 0.34814453125 0.7141927078125 0.3447265625 0.6865234375 0.310546875 0.6787109375 0.30322265625 0.67578125 0.30224609375 0.6682942703125 0.302001953125 0.6611328125 0.30322265625 0.6090494796875 0.314697265625 0.6057942703125 0.31591796875 0.599609375 0.32421875 0.5983072921875 0.32763671875 0.5989583328125 0.33056640625 0.6087239578125 0.345703125 0.6295572921875 0.373291015625
5 0.6985677078125 0.419189453125 0.7135416671875 0.4248046875 0.716796875 0.429931640625 0.7174479171875 0.43701171875 0.7194010421875 0.439208984375 0.7229817703125 0.440185546875 0.7268880203125 0.43994140625 0.7353515625 0.436767578125 0.7447916671875 0.431884765625 0.7513020828125 0.429931640625 0.7600911453125 0.424560546875 0.7731119796875 0.41943359375 0.78515625 0.411376953125 0.7923177078125 0.404541015625 0.7919921875 0.400390625 0.7828776046875 0.390625 0.7464192703125 0.359130859375 0.73828125 0.355712890625 0.7340494796875 0.355712890625 0.7259114578125 0.358642578125 0.6770833328125 0.379638671875 0.671875 0.384033203125 0.6686197921875 0.3896484375 0.6705729171875 0.395751953125 0.6819661453125 0.405029296875 0.69140625 0.4150390625 0.6985677078125 0.419189453125
2 0.7503255203125 0.49755859375 0.7587890625 0.50537109375 0.7688802078125 0.51220703125 0.775390625 0.51416015625 0.7799479171875 0.512939453125 0.8209635421874999 0.485107421875 0.83203125 0.47705078125 0.8385416671874999 0.470458984375 0.8385416671874999 0.466796875 0.8359375 0.46337890625 0.8186848953125001 0.449951171875 0.8033854171874999 0.4384765625 0.7825520828125 0.425048828125 0.7734375 0.421630859375 0.7630208328125 0.425048828125 0.7200520828125 0.451904296875 0.7112630203125 0.4599609375 0.7099609375 0.463134765625 0.7106119796875 0.467041015625 0.7174479171875 0.473876953125 0.7503255203125 0.49755859375
8 0.388671875 0.435791015625 0.3932291671875 0.44287109375 0.3974609375 0.446044921875 0.4078776046875 0.446044921875 0.4410807296875 0.437744140625 0.4576822921875 0.43505859375 0.4606119796875 0.435791015625 0.4768880203125 0.43017578125 0.484375 0.423583984375 0.4850260421875 0.41455078125 0.4716796875 0.3896484375 0.462890625 0.37744140625 0.4580078125 0.3681640625 0.4534505203125 0.364013671875 0.4495442703125 0.362548828125 0.4153645828125 0.367919921875 0.373046875 0.377197265625 0.3671875 0.38037109375 0.3655598953125 0.383056640625 0.3655598953125 0.39111328125 0.3717447921875 0.40478515625 0.3837890625 0.424560546875 0.388671875 0.435791015625
8 0.8873697921874999 0.6787109375 0.8968098953125001 0.681884765625 0.908203125 0.681640625 0.916015625 0.67724609375 0.9254557296874999 0.664794921875 0.9469401046874999 0.631103515625 0.9495442703125001 0.6259765625 0.9495442703125001 0.61962890625 0.9456380203125001 0.6162109375 0.9287109375 0.6064453125 0.8860677078125001 0.58447265625 0.873046875 0.579345703125 0.8675130203125001 0.5791015625 0.8629557296874999 0.58056640625 0.8525390625 0.588623046875 0.8408203125 0.602294921875 0.8333333328125001 0.61474609375 0.8245442703125001 0.625 0.8196614578125001 0.634521484375 0.8186848953125001 0.640869140625 0.8209635421874999 0.64404296875 0.83984375 0.654296875 0.8873697921874999 0.6787109375
8 0.8141276046874999 0.7705078125 0.82421875 0.776611328125 0.8307291671874999 0.778564453125 0.8388671875 0.777587890625 0.845703125 0.773193359375 0.8938802078125001 0.72802734375 0.8974609375 0.72119140625 0.8974609375 0.717529296875 0.89453125 0.713623046875 0.873046875 0.6962890625 0.8310546875 0.66650390625 0.8216145828125001 0.6630859375 0.8173828125 0.6630859375 0.814453125 0.664306640625 0.802734375 0.671630859375 0.7942708328125 0.679931640625 0.7578125 0.7099609375 0.7516276046875 0.716796875 0.7516276046875 0.720458984375 0.7542317703125 0.724853515625 0.8141276046874999 0.7705078125
19 0.5716145828125 0.84228515625 0.5849609375 0.842529296875 0.5888671875 0.839111328125 0.5921223953125 0.833251953125 0.6142578125 0.773681640625 0.6162109375 0.766357421875 0.6158854171875 0.758544921875 0.6123046875 0.755126953125 0.6018880203125 0.75146484375 0.521484375 0.7294921875 0.5120442703125 0.7294921875 0.5061848953125 0.734375 0.4951171875 0.7626953125 0.4830729171875 0.7861328125 0.4739583328125 0.807373046875 0.4736328125 0.81103515625 0.4752604171875 0.814208984375 0.4814453125 0.81787109375 0.5716145828125 0.84228515625
19 0.7135416671875 0.884033203125 0.7200520828125 0.883544921875 0.7262369796875 0.880615234375 0.7900390625 0.8349609375 0.7952473953125 0.828369140625 0.7952473953125 0.823486328125 0.7897135421875 0.81591796875 0.7333984375 0.761962890625 0.7275390625 0.758544921875 0.7236328125 0.7578125 0.7180989578125 0.758056640625 0.7102864578125 0.76171875 0.6559244796875 0.798095703125 0.6477864578125 0.80224609375 0.6402994796875 0.80908203125 0.640625 0.8125 0.6474609375 0.82275390625 0.7014973953125 0.876708984375 0.7135416671875 0.884033203125
19 0.4573567703125 0.529296875 0.4632161453125 0.531494140625 0.4671223953125 0.531005859375 0.4759114578125 0.52685546875 0.5188802078125 0.502685546875 0.5319010421875 0.492919921875 0.5364583328125 0.4853515625 0.5341796875 0.479248046875 0.5123697921875 0.459228515625 0.4993489578125 0.449951171875 0.4860026046875 0.437744140625 0.4772135421875 0.433349609375 0.4733072921875 0.43359375 0.4680989578125 0.435546875 0.4339192703125 0.453369140625 0.4104817703125 0.4658203125 0.4052734375 0.469482421875 0.4036458328125 0.472412109375 0.4033203125 0.478515625 0.40625 0.484375 0.453125 0.52587890625 0.4573567703125 0.529296875
21 0.3515625 0.645263671875 0.3929036453125 0.648681640625 0.4020182296875 0.647705078125 0.4072265625 0.64404296875 0.4095052078125 0.63916015625 0.4208984375 0.583740234375 0.4215494796875 0.576416015625 0.419921875 0.570068359375 0.4147135421875 0.566650390625 0.4013671875 0.564453125 0.3902994796875 0.564697265625 0.3772786453125 0.5615234375 0.3382161453125 0.55712890625 0.3199869796875 0.557373046875 0.3157552078125 0.560546875 0.3134765625 0.5654296875 0.3082682296875 0.592529296875 0.2985026046875 0.6240234375 0.2978515625 0.633544921875 0.3004557296875 0.636474609375 0.3059895828125 0.63818359375 0.3515625 0.645263671875
21 0.3072916671875 0.560302734375 0.310546875 0.560302734375 0.3232421875 0.5556640625 0.3284505203125 0.555419921875 0.3662109375 0.55859375 0.3802083328125 0.558837890625 0.384765625 0.557373046875 0.3968098953125 0.556396484375 0.404296875 0.552978515625 0.4075520828125 0.546875 0.4075520828125 0.5361328125 0.4033203125 0.487060546875 0.40234375 0.483642578125 0.3997395828125 0.48095703125 0.39453125 0.479248046875 0.388671875 0.478759765625 0.3033854171875 0.480712890625 0.2994791671875 0.48291015625 0.2985026046875 0.48486328125 0.2991536453125 0.546630859375 0.3001302078125 0.5537109375 0.3040364578125 0.558837890625 0.3072916671875 0.560302734375
20 0.302734375 0.4794921875 0.3235677078125 0.478515625 0.328125 0.477294921875 0.3841145828125 0.44677734375 0.3870442703125 0.441650390625 0.38671875 0.435302734375 0.3798828125 0.4267578125 0.3313802078125 0.38916015625 0.3277994796875 0.38818359375 0.3232421875 0.38818359375 0.3177083328125 0.3896484375 0.2945963546875 0.400634765625 0.2610677078125 0.41845703125 0.25 0.425537109375 0.24967447968749998 0.431396484375 0.2545572921875 0.439208984375 0.2998046875 0.478271484375 0.302734375 0.4794921875
20 0.3525390625 0.744873046875 0.3662109375 0.746337890625 0.3707682296875 0.743896484375 0.3736979171875 0.739501953125 0.3922526046875 0.695068359375 0.4016927078125 0.6689453125 0.4010416671875 0.661865234375 0.3977864578125 0.659423828125 0.3912760421875 0.657470703125 0.3229166671875 0.6416015625 0.2998046875 0.638916015625 0.2945963546875 0.641845703125 0.2897135421875 0.647705078125 0.259765625 0.713623046875 0.2600911453125 0.720703125 0.2724609375 0.727783203125 0.2861328125 0.729736328125 0.3525390625 0.744873046875