11 0.17431640625 0.5091145828125 0.185791015625 0.509765625 0.189208984375 0.5084635421875 0.1923828125 0.5048828125 0.194091796875 0.4957682296875 0.19921875 0.4332682296875 0.19873046875 0.4254557296875 0.191650390625 0.4212239578125 0.167236328125 0.4153645828125 0.149169921875 0.4114583328125 0.13671875 0.4111328125 0.13427734375 0.4143880203125 0.133056640625 0.4202473953125 0.128662109375 0.4762369796875 0.128662109375 0.4915364578125 0.130126953125 0.4947916671875 0.134033203125 0.4973958328125 0.17431640625 0.5091145828125
9 0.18115234375 0.4166666671875 0.189453125 0.4182942703125 0.196044921875 0.4156901046875 0.236083984375 0.3948567703125 0.23876953125 0.3909505203125 0.239013671875 0.3870442703125 0.233642578125 0.375 0.221923828125 0.3245442703125 0.22119140625 0.3138020828125 0.217529296875 0.3059895828125 0.21435546875 0.3046875 0.21142578125 0.3053385421875 0.18896484375 0.3177083328125 0.16796875 0.330078125 0.162841796875 0.3369140625 0.163818359375 0.3486328125 0.168212890625 0.369140625 0.177490234375 0.408203125 0.18115234375 0.4166666671875
12 0.236328125 0.3815104171875 0.240234375 0.3860677078125 0.24951171875 0.3857421875 0.277587890625 0.373046875 0.296875 0.3603515625 0.30029296875 0.35546875 0.301025390625 0.3522135421875 0.298828125 0.3427734375 0.2919921875 0.3277994796875 0.2783203125 0.275390625 0.275634765625 0.2708333328125 0.272216796875 0.2705078125 0.267578125 0.2724609375 0.223876953125 0.2952473953125 0.22021484375 0.3001302078125 0.2197265625 0.3033854171875 0.219482421875 0.3069661453125 0.223388671875 0.3287760421875 0.234375 0.3756510421875 0.236328125 0.3815104171875
12 0.2958984375 0.3352864578125 0.299072265625 0.3408203125 0.302001953125 0.3427734375 0.306884765625 0.34375 0.310546875 0.3427734375 0.33984375 0.326171875 0.343994140625 0.3203125 0.3564453125 0.310546875 0.362060546875 0.3037109375 0.3623046875 0.3001302078125 0.359375 0.291015625 0.3525390625 0.2763671875 0.339111328125 0.228515625 0.336181640625 0.22265625 0.3330078125 0.22005208281250002 0.330322265625 0.2197265625 0.32421875 0.22298177031250002 0.279052734375 0.2542317703125 0.27734375 0.2565104171875 0.2763671875 0.2584635421875 0.27685546875 0.2688802078125 0.286376953125 0.3037109375 0.2958984375 0.3352864578125
12 0.35546875 0.2825520828125 0.35986328125 0.287109375 0.367431640625 0.2877604171875 0.381103515625 0.2805989578125 0.42041015625 0.2552083328125 0.4228515625 0.2506510421875 0.423095703125 0.24153645781250002 0.408203125 0.1891276046875 0.40087890625 0.1682942703125 0.39501953125 0.1604817703125 0.390380859375 0.1598307296875 0.380126953125 0.1656901046875 0.3369140625 0.1956380203125 0.33447265625 0.1995442703125 0.334716796875 0.21354166718749998 0.3408203125 0.23502604218749998 0.354248046875 0.279296875 0.35546875 0.2825520828125
19 0.474853515625 0.3177083328125 0.488037109375 0.3050130203125 0.49462890625 0.3020833328125 0.525390625 0.2623697921875 0.52685546875 0.2587890625 0.52587890625 0.2548828125 0.505126953125 0.216796875 0.4873046875 0.1858723953125 0.484619140625 0.1829427078125 0.47998046875 0.1829427078125 0.473876953125 0.1881510421875 0.43896484375 0.22721354218749998 0.430419921875 0.23795572968749998 0.428955078125 0.24186197968749998 0.42919921875 0.25 0.435546875 0.265625 0.466796875 0.3225911453125 0.474853515625 0.3177083328125
10 0.369384765625 0.404296875 0.376220703125 0.4091796875 0.432861328125 0.3658854171875 0.43359375 0.3636067703125 0.43408203125 0.3557942703125 0.411376953125 0.2958984375 0.407470703125 0.287109375 0.40087890625 0.2799479171875 0.39697265625 0.2796223953125 0.38818359375 0.2854817703125 0.365478515625 0.3033854171875 0.35546875 0.3134765625 0.347900390625 0.3190104171875 0.34375 0.3248697921875 0.342529296875 0.3313802078125 0.344482421875 0.337890625 0.364990234375 0.3938802078125 0.369384765625 0.404296875
8 0.3037109375 0.4619140625 0.31103515625 0.4625651046875 0.317626953125 0.4586588546875 0.360107421875 0.423828125 0.364013671875 0.4182942703125 0.36279296875 0.408203125 0.342041015625 0.3512369796875 0.33837890625 0.3444010421875 0.331787109375 0.3391927078125 0.328125 0.3385416671875 0.3193359375 0.341796875 0.279052734375 0.3759765625 0.2763671875 0.3805338546875 0.27587890625 0.3854166671875 0.278076171875 0.396484375 0.2998046875 0.4567057296875 0.3037109375 0.4619140625
19 0.24462890625 0.5065104171875 0.247802734375 0.5081380203125 0.256591796875 0.5052083328125 0.296142578125 0.46484375 0.29833984375 0.4599609375 0.29833984375 0.4560546875 0.29541015625 0.447265625 0.281005859375 0.4124348953125 0.268798828125 0.3916015625 0.26123046875 0.384765625 0.2548828125 0.3850911453125 0.2490234375 0.3893229171875 0.21240234375 0.43359375 0.211669921875 0.4391276046875 0.21337890625 0.4456380203125 0.240478515625 0.5016276046875 0.24462890625 0.5065104171875
7 0.29638671875 0.5930989578125 0.30029296875 0.5924479171875 0.310546875 0.583984375 0.33935546875 0.5458984375 0.341796875 0.5397135421875 0.338623046875 0.5296223953125 0.32373046875 0.4947916671875 0.312255859375 0.4765625 0.305419921875 0.4700520828125 0.30029296875 0.4680989578125 0.295654296875 0.4690755203125 0.28857421875 0.4762369796875 0.2568359375 0.5201822921875 0.255615234375 0.5247395828125 0.25537109375 0.529296875 0.261474609375 0.5432942703125 0.28857421875 0.5862630203125 0.29638671875 0.5930989578125
11 0.21826171875 0.6240234375 0.220703125 0.6263020828125 0.227294921875 0.625 0.239013671875 0.6178385421875 0.272705078125 0.591796875 0.27685546875 0.5859375 0.277099609375 0.5807291671875 0.27490234375 0.5725911453125 0.266845703125 0.5537109375 0.258056640625 0.5387369796875 0.2548828125 0.5276692703125 0.25390625 0.5188802078125 0.248046875 0.5107421875 0.2412109375 0.509765625 0.232666015625 0.5146484375 0.1982421875 0.5426432296875 0.193115234375 0.5481770828125 0.192138671875 0.5537109375 0.19482421875 0.5634765625 0.215087890625 0.6178385421875 0.21826171875 0.6240234375
10 0.3447265625 0.7473958328125 0.3486328125 0.74609375 0.353515625 0.7415364578125 0.392578125 0.6962890625 0.39111328125 0.689453125 0.37890625 0.6666666671875 0.376708984375 0.6604817703125 0.364990234375 0.6435546875 0.356201171875 0.6279296875 0.352294921875 0.6240234375 0.3486328125 0.625 0.340576171875 0.6311848953125 0.307373046875 0.6705729171875 0.304443359375 0.6761067703125 0.304931640625 0.6829427078125 0.31298828125 0.69921875 0.33837890625 0.7421875 0.3447265625 0.7473958328125
11 0.244384765625 0.7229817703125 0.251708984375 0.724609375 0.2919921875 0.7255859375 0.300048828125 0.7239583328125 0.30419921875 0.7200520828125 0.30712890625 0.7132161453125 0.3056640625 0.6891276046875 0.30322265625 0.6796875 0.30517578125 0.6689453125 0.3056640625 0.6471354171875 0.3046875 0.6370442703125 0.302978515625 0.6321614578125 0.30029296875 0.6305338546875 0.245849609375 0.6321614578125 0.240234375 0.6344401046875 0.238525390625 0.63671875 0.237548828125 0.6412760421875 0.237548828125 0.6754557296875 0.239990234375 0.7138671875 0.241943359375 0.7210286453125 0.244384765625 0.7229817703125
7 0.373046875 0.65234375 0.375 0.6533203125 0.380126953125 0.6516927078125 0.423095703125 0.6022135421875 0.42578125 0.5960286453125 0.422607421875 0.5875651046875 0.395263671875 0.5367838546875 0.387939453125 0.5286458328125 0.3837890625 0.5263671875 0.380126953125 0.5260416671875 0.37451171875 0.5289713546875 0.348388671875 0.5615234375 0.334716796875 0.5807291671875 0.333251953125 0.5846354171875 0.334716796875 0.5914713546875 0.361328125 0.6360677078125 0.373046875 0.65234375
19 0.524658203125 0.3518880203125 0.533935546875 0.3658854171875 0.542724609375 0.3763020828125 0.548828125 0.3733723953125 0.574951171875 0.3463541671875 0.594970703125 0.3235677078125 0.599609375 0.3173828125 0.60107421875 0.3118489578125 0.60009765625 0.3056640625 0.591796875 0.2903645828125 0.55859375 0.23795572968749998 0.55419921875 0.23502604218749998 0.54931640625 0.23697916718749998 0.528076171875 0.2610677078125 0.50390625 0.291015625 0.4990234375 0.298828125 0.4990234375 0.3072916671875 0.508056640625 0.3245442703125 0.517333984375 0.337890625 0.524658203125 0.3518880203125
10 0.47314453125 0.4378255203125 0.4775390625 0.4381510421875 0.48193359375 0.4358723953125 0.5048828125 0.412109375 0.5146484375 0.4055989578125 0.530029296875 0.3909505203125 0.532470703125 0.3857421875 0.53076171875 0.375 0.526611328125 0.3658854171875 0.5 0.3121744796875 0.493896484375 0.3050130203125 0.48974609375 0.3053385421875 0.480712890625 0.3128255203125 0.44970703125 0.3427734375 0.437744140625 0.3577473953125 0.4375 0.3662109375 0.445556640625 0.384765625 0.46875 0.43359375 0.47314453125 0.4378255203125
21 0.407958984375 0.4925130203125 0.414794921875 0.4925130203125 0.4228515625 0.48828125 0.46337890625 0.4586588546875 0.469482421875 0.4498697921875 0.462890625 0.4244791671875 0.437744140625 0.3688151046875 0.43603515625 0.3671875 0.428955078125 0.369140625 0.404052734375 0.3873697921875 0.377685546875 0.4104817703125 0.37841796875 0.421875 0.38818359375 0.4488932296875 0.40283203125 0.4853515625 0.407958984375 0.4925130203125
3 0.34326171875 0.5400390625 0.344970703125 0.5426432296875 0.34814453125 0.5442708328125 0.352783203125 0.5445963546875 0.35595703125 0.54296875 0.3818359375 0.521484375 0.40283203125 0.5071614578125 0.405029296875 0.5052083328125 0.408447265625 0.4983723953125 0.37841796875 0.4251302078125 0.37353515625 0.4202473953125 0.3671875 0.4202473953125 0.361328125 0.423828125 0.320556640625 0.4576822921875 0.31591796875 0.4638671875 0.315673828125 0.470703125 0.318603515625 0.4765625 0.32080078125 0.4847005203125 0.34326171875 0.5400390625
21 0.434814453125 0.6070963546875 0.43896484375 0.609375 0.44287109375 0.607421875 0.464111328125 0.5875651046875 0.48291015625 0.5670572921875 0.489501953125 0.5615234375 0.49365234375 0.5537109375 0.4931640625 0.548828125 0.4892578125 0.5364583328125 0.4560546875 0.48046875 0.453857421875 0.4791666671875 0.447998046875 0.4791666671875 0.44287109375 0.4830729171875 0.4072265625 0.5208333328125 0.4013671875 0.5283203125 0.39892578125 0.5345052078125 0.3984375 0.5364583328125 0.39990234375 0.5436197921875 0.427978515625 0.5983072921875 0.434814453125 0.6070963546875
8 0.477783203125 0.6904296875 0.48046875 0.69140625 0.48388671875 0.6904296875 0.501220703125 0.6796875 0.5341796875 0.6559244796875 0.53759765625 0.6529947921875 0.54052734375 0.6477864578125 0.541015625 0.6438802078125 0.53955078125 0.6334635421875 0.51708984375 0.578125 0.5107421875 0.5647786453125 0.508544921875 0.5625 0.503662109375 0.5621744796875 0.498291015625 0.5641276046875 0.474365234375 0.5836588546875 0.453125 0.5983072921875 0.445556640625 0.6061197921875 0.4453125 0.6126302078125 0.455078125 0.6399739578125 0.472412109375 0.6822916671875 0.477783203125 0.6904296875
7 0.407470703125 0.7171223953125 0.4140625 0.7272135421875 0.41796875 0.7311197921875 0.421875 0.7307942703125 0.426025390625 0.7275390625 0.460693359375 0.6897786453125 0.46923828125 0.6787109375 0.468994140625 0.6748046875 0.4638671875 0.6614583328125 0.446044921875 0.6236979171875 0.43896484375 0.6126302078125 0.4287109375 0.6022135421875 0.42529296875 0.6022135421875 0.4208984375 0.60546875 0.38671875 0.6448567703125 0.37841796875 0.65625 0.379150390625 0.6647135421875 0.386962890625 0.6803385421875 0.401123046875 0.7041015625 0.407470703125 0.7171223953125
14 0.458740234375 0.7978515625 0.462158203125 0.7991536453125 0.470458984375 0.7991536453125 0.51611328125 0.7952473953125 0.523681640625 0.7932942703125 0.526123046875 0.7906901046875 0.52734375 0.7828776046875 0.526123046875 0.7574869796875 0.5185546875 0.6953125 0.515380859375 0.6930338546875 0.511474609375 0.6927083328125 0.458984375 0.6988932296875 0.451904296875 0.7018229171875 0.447509765625 0.7083333328125 0.447265625 0.7141927078125 0.45263671875 0.7692057296875 0.455322265625 0.7900390625 0.458740234375 0.7978515625
12 0.4931640625 0.5413411453125 0.49560546875 0.5445963546875 0.5009765625 0.546875 0.5048828125 0.5458984375 0.508056640625 0.54296875 0.517822265625 0.5305989578125 0.5224609375 0.5270182296875 0.530029296875 0.5166015625 0.54638671875 0.5003255203125 0.554931640625 0.4876302078125 0.5546875 0.4840494796875 0.55126953125 0.4752604171875 0.53076171875 0.4397786453125 0.5146484375 0.4143880203125 0.510009765625 0.4117838546875 0.504638671875 0.4134114578125 0.50048828125 0.4173177078125 0.460205078125 0.4641927078125 0.457275390625 0.4700520828125 0.45654296875 0.4729817703125 0.457275390625 0.4791666671875 0.467041015625 0.4977213546875 0.4931640625 0.5413411453125
20 0.548828125 0.4671223953125 0.555419921875 0.4807942703125 0.56005859375 0.4866536453125 0.564208984375 0.4856770828125 0.608154296875 0.4446614578125 0.615966796875 0.4361979171875 0.621337890625 0.4280598953125 0.620361328125 0.4205729171875 0.58203125 0.3509114578125 0.577880859375 0.3479817703125 0.574951171875 0.3486328125 0.567138671875 0.3551432296875 0.527587890625 0.3951822921875 0.52001953125 0.404296875 0.518798828125 0.4114583328125 0.520263671875 0.4163411453125 0.542236328125 0.4576822921875 0.548828125 0.4671223953125
8 0.58837890625 0.5843098953125 0.591796875 0.5852864578125 0.597412109375 0.5826822921875 0.61181640625 0.5706380203125 0.623046875 0.55859375 0.648193359375 0.5358072921875 0.65234375 0.5296223953125 0.651611328125 0.5234375 0.644775390625 0.5081380203125 0.617431640625 0.4596354171875 0.609130859375 0.4482421875 0.60546875 0.4482421875 0.599365234375 0.4527994796875 0.5556640625 0.4944661453125 0.54931640625 0.5035807296875 0.5498046875 0.5113932296875 0.5537109375 0.5201822921875 0.5869140625 0.5823567703125 0.58837890625 0.5843098953125
2 0.58837890625 0.6959635421875 0.591552734375 0.6982421875 0.595703125 0.6979166671875 0.60595703125 0.693359375 0.651123046875 0.6682942703125 0.656005859375 0.6650390625 0.65869140625 0.6611328125 0.659423828125 0.6549479171875 0.658203125 0.6494140625 0.632080078125 0.5764973953125 0.629638671875 0.5709635421875 0.626953125 0.5686848953125 0.622802734375 0.5686848953125 0.61767578125 0.5709635421875 0.59619140625 0.5846354171875 0.581298828125 0.591796875 0.564208984375 0.6022135421875 0.559814453125 0.6077473953125 0.560546875 0.6175130203125 0.570556640625 0.6477864578125 0.5869140625 0.6930338546875 0.58837890625 0.6959635421875
20 0.66455078125 0.5400390625 0.668212890625 0.5403645828125 0.672607421875 0.537109375 0.72705078125 0.4876302078125 0.730224609375 0.4791666671875 0.7275390625 0.4697265625 0.69287109375 0.408203125 0.686767578125 0.3994140625 0.682861328125 0.3974609375 0.673095703125 0.4033203125 0.623291015625 0.4521484375 0.62109375 0.45703125 0.62109375 0.4632161453125 0.62646484375 0.4749348953125 0.657958984375 0.5322265625 0.66455078125 0.5400390625
5 0.77587890625 0.5872395828125 0.779296875 0.5888671875 0.7861328125 0.5852864578125 0.83154296875 0.5283203125 0.8359375 0.5224609375 0.838623046875 0.5152994796875 0.83837890625 0.51171875 0.8349609375 0.5052083328125 0.818115234375 0.4837239578125 0.787109375 0.4459635421875 0.77978515625 0.4410807296875 0.772216796875 0.4453125 0.733154296875 0.4967447921875 0.724853515625 0.5081380203125 0.722900390625 0.5126953125 0.72314453125 0.5188802078125 0.726318359375 0.5247395828125 0.77197265625 0.5830078125 0.77587890625 0.5872395828125