1 0.75390625 0.46484375 0.7584635421875 0.463623046875 0.7646484375 0.460205078125 0.7698567703125 0.453369140625 0.7828776046875 0.403564453125 0.78515625 0.390625 0.7841796875 0.386474609375 0.7776692703125 0.383056640625 0.7587890625 0.37939453125 0.7509765625 0.37890625 0.7412109375 0.376220703125 0.6959635421875 0.369140625 0.6842447921875 0.369384765625 0.6774088546875 0.3740234375 0.673828125 0.38134765625 0.6608072921875 0.4287109375 0.6565755203125 0.4384765625 0.65625 0.443115234375 0.6575520828125 0.446044921875 0.662109375 0.44873046875 0.75390625 0.46484375
1 0.3157552078125 0.33837890625 0.34375 0.37744140625 0.3486328125 0.380126953125 0.3522135421875 0.38037109375 0.3961588546875 0.364990234375 0.404296875 0.36376953125 0.4248046875 0.3544921875 0.435546875 0.351318359375 0.4388020828125 0.348876953125 0.439453125 0.34521484375 0.4375 0.338623046875 0.4300130203125 0.3251953125 0.4020182296875 0.28466796875 0.3974609375 0.2802734375 0.3938802078125 0.27880859375 0.3870442703125 0.279052734375 0.3557942703125 0.288330078125 0.3141276046875 0.3037109375 0.3072916671875 0.306884765625 0.3030598953125 0.310791015625 0.3017578125 0.31396484375 0.3024088546875 0.316650390625 0.3089192703125 0.3251953125 0.3157552078125 0.33837890625
14 0.265625 0.7470703125 0.2760416671875 0.74853515625 0.2825520828125 0.745849609375 0.2867838546875 0.7421875 0.3317057296875 0.676025390625 0.3326822921875 0.671142578125 0.3307291671875 0.66845703125 0.3229166671875 0.66357421875 0.2516276046875 0.63623046875 0.24153645781250002 0.63330078125 0.23372395781250002 0.6328125 0.2265625 0.63720703125 0.21875 0.64599609375 0.1783854171875 0.705322265625 0.1787109375 0.710205078125 0.1822916671875 0.713623046875 0.1891276046875 0.716796875 0.265625 0.7470703125
0 0.1888020828125 0.677001953125 0.1927083328125 0.6767578125 0.1998697921875 0.672119140625 0.20963541718749998 0.657958984375 0.2177734375 0.64208984375 0.22493489531250002 0.62646484375 0.22721354218749998 0.61962890625 0.22786458281250002 0.610595703125 0.23372395781250002 0.598876953125 0.23404947968749998 0.59521484375 0.22526041718749998 0.591064453125 0.171875 0.57861328125 0.1363932296875 0.572021484375 0.1302083328125 0.572021484375 0.1253255203125 0.57421875 0.1194661453125 0.58251953125 0.0908203125 0.644775390625 0.0908203125 0.65087890625 0.09537760468749999 0.65478515625 0.16796875 0.672607421875 0.1888020828125 0.677001953125
0 0.3870442703125 0.756591796875 0.396484375 0.755126953125 0.4085286453125 0.7490234375 0.4713541671875 0.7138671875 0.4781901046875 0.70947265625 0.4814453125 0.70556640625 0.4811197921875 0.70068359375 0.4781901046875 0.696533203125 0.4287109375 0.640380859375 0.4225260421875 0.635986328125 0.4153645828125 0.634033203125 0.4114583328125 0.634765625 0.3899739578125 0.645751953125 0.3753255203125 0.655029296875 0.361328125 0.661376953125 0.349609375 0.66943359375 0.3349609375 0.676025390625 0.3271484375 0.681884765625 0.3255208328125 0.68505859375 0.3251953125 0.689208984375 0.3294270828125 0.696044921875 0.3763020828125 0.748779296875 0.3870442703125 0.756591796875
0 0.6481119796875 0.755126953125 0.6546223953125 0.761474609375 0.6614583328125 0.7626953125 0.681640625 0.756591796875 0.7493489578125 0.731201171875 0.7561848953125 0.727783203125 0.7584635421875 0.724853515625 0.7591145828125 0.72021484375 0.7574869796875 0.716064453125 0.7203776046875 0.660400390625 0.7119140625 0.65087890625 0.7037760421875 0.646240234375 0.6962890625 0.647216796875 0.6204427078125 0.674560546875 0.6083984375 0.68115234375 0.6061197921875 0.683837890625 0.6057942703125 0.68603515625 0.6090494796875 0.692626953125 0.6363932296875 0.737548828125 0.6481119796875 0.755126953125
0 0.3623046875 0.470458984375 0.3694661453125 0.469482421875 0.4378255203125 0.443603515625 0.44921875 0.4384765625 0.4518229171875 0.43505859375 0.4527994796875 0.43212890625 0.4505208328125 0.42529296875 0.4270833328125 0.392822265625 0.41015625 0.371337890625 0.4065755203125 0.368408203125 0.4007161453125 0.3662109375 0.390625 0.3681640625 0.3626302078125 0.378173828125 0.3209635421875 0.394287109375 0.3151041671875 0.397216796875 0.3115234375 0.400634765625 0.3125 0.40771484375 0.3483072921875 0.4580078125 0.3580729171875 0.468505859375 0.3623046875 0.470458984375
0 0.6585286453125 0.338134765625 0.6617838546875 0.338134765625 0.6686197921875 0.335205078125 0.7164713546875 0.303955078125 0.7307942703125 0.293212890625 0.7347005203125 0.287109375 0.7347005203125 0.282470703125 0.7320963546875 0.279052734375 0.6783854171875 0.240234375 0.671875 0.236328125 0.6650390625 0.234130859375 0.6572265625 0.236328125 0.6012369796875 0.272216796875 0.5930989578125 0.279296875 0.5914713546875 0.283447265625 0.5914713546875 0.28955078125 0.5986328125 0.296630859375 0.6507161453125 0.335693359375 0.6585286453125 0.338134765625
0 0.2939453125 0.3134765625 0.2998046875 0.312744140625 0.3033854171875 0.3076171875 0.3190104171875 0.300537109375 0.3388671875 0.29345703125 0.3704427078125 0.27685546875 0.3743489578125 0.272705078125 0.3736979171875 0.26513671875 0.3675130203125 0.2568359375 0.3251953125 0.216552734375 0.3173828125 0.21142578125 0.3138020828125 0.2109375 0.3063151046875 0.212890625 0.24479166718749998 0.2431640625 0.234375 0.250244140625 0.234375 0.256591796875 0.24446614531250002 0.268310546875 0.2887369796875 0.311767578125 0.2939453125 0.3134765625
10 0.4593098953125 0.432861328125 0.4638671875 0.43310546875 0.4772135421875 0.429931640625 0.4856770828125 0.425537109375 0.5198567703125 0.413330078125 0.533203125 0.414306640625 0.546875 0.410400390625 0.55078125 0.408203125 0.5533854171875 0.40185546875 0.5514322921875 0.39404296875 0.5250651046875 0.34130859375 0.5152994796875 0.333740234375 0.5048828125 0.334228515625 0.470703125 0.34228515625 0.4283854171875 0.3544921875 0.4195963546875 0.359130859375 0.4205729171875 0.366455078125 0.4404296875 0.407958984375 0.4544270828125 0.43017578125 0.4593098953125 0.432861328125
10 0.7516276046875 0.706298828125 0.7604166671875 0.716796875 0.7688802078125 0.717529296875 0.7965494796875 0.711669921875 0.8587239578125001 0.696044921875 0.8649088546874999 0.69287109375 0.8662109375 0.689697265625 0.865234375 0.6826171875 0.8567708328125001 0.662841796875 0.8359375 0.61962890625 0.8317057296874999 0.613037109375 0.8287760421874999 0.611083984375 0.8209635421874999 0.60986328125 0.8141276046874999 0.6103515625 0.7236328125 0.632080078125 0.7194010421875 0.635498046875 0.71875 0.6376953125 0.7203776046875 0.643798828125 0.7366536453125 0.681396484375 0.7516276046875 0.706298828125
7 0.5152994796875 0.722900390625 0.5224609375 0.72216796875 0.5432942703125 0.71142578125 0.6025390625 0.6845703125 0.6090494796875 0.6787109375 0.6103515625 0.67578125 0.6097005203125 0.671630859375 0.6025390625 0.661376953125 0.5641276046875 0.6162109375 0.5546875 0.60595703125 0.5501302078125 0.603759765625 0.5462239578125 0.60400390625 0.5341796875 0.6083984375 0.4775390625 0.635009765625 0.4599609375 0.64404296875 0.4557291671875 0.649169921875 0.4567057296875 0.65478515625 0.4873046875 0.693603515625 0.5084635421875 0.71923828125 0.5152994796875 0.722900390625
7 0.6129557296875 0.673583984375 0.6165364578125 0.674072265625 0.6243489578125 0.672607421875 0.6526692703125 0.6630859375 0.7063802078125 0.64404296875 0.7145182296875 0.6376953125 0.7154947921875 0.6328125 0.7080078125 0.619384765625 0.67578125 0.5712890625 0.6712239578125 0.566162109375 0.6647135421875 0.5615234375 0.654296875 0.562744140625 0.6090494796875 0.57763671875 0.5709635421875 0.59130859375 0.5660807296875 0.595947265625 0.5657552078125 0.599853515625 0.5680338546875 0.605712890625 0.5986328125 0.654541015625 0.6129557296875 0.673583984375
7 0.24088541718749998 0.62353515625 0.24446614531250002 0.625244140625 0.2975260421875 0.63818359375 0.3141276046875 0.643310546875 0.3264973953125 0.645263671875 0.3346354171875 0.64453125 0.3395182296875 0.641357421875 0.3421223953125 0.637939453125 0.3525390625 0.616943359375 0.3720703125 0.57421875 0.373046875 0.567138671875 0.3717447921875 0.564208984375 0.36328125 0.56005859375 0.302734375 0.545166015625 0.2724609375 0.5390625 0.26953125 0.539794921875 0.2639973953125 0.542724609375 0.2604166671875 0.546875 0.23665364531250002 0.591796875 0.23502604218749998 0.598388671875 0.22916666718749998 0.609375 0.22884114531250002 0.61767578125 0.2314453125 0.62060546875 0.23795572968749998 0.62353515625 0.24088541718749998 0.62353515625
7 0.8173828125 0.534912109375 0.8277994796874999 0.53466796875 0.8313802078125001 0.533203125 0.89453125 0.485595703125 0.8981119796874999 0.480712890625 0.8981119796874999 0.47705078125 0.8955078125 0.4736328125 0.8860677078125001 0.46630859375 0.8473307296874999 0.438232421875 0.8313802078125001 0.427734375 0.8219401046874999 0.424072265625 0.8147786453125001 0.4248046875 0.8092447921874999 0.427734375 0.775390625 0.451904296875 0.7698567703125 0.457275390625 0.7561848953125 0.466064453125 0.7467447921875 0.47412109375 0.7438151046875 0.478271484375 0.7444661453125 0.4833984375 0.7490234375 0.487548828125 0.8102213546874999 0.53125 0.8173828125 0.534912109375
13 0.1754557296875 0.577392578125 0.1822916671875 0.578125 0.1995442703125 0.571533203125 0.2545572921875 0.54736328125 0.2721354171875 0.53662109375 0.2727864578125 0.53271484375 0.2692057296875 0.524169921875 0.26323795625 0.5196940921875 0.255859375 0.511474609375 0.22884114531250002 0.475830078125 0.22005208281250002 0.467041015625 0.21223958281250002 0.466552734375 0.2060546875 0.46826171875 0.1331380203125 0.500244140625 0.1227213546875 0.50732421875 0.123046875 0.513671875 0.1637369796875 0.56884765625 0.1712239578125 0.575927734375 0.1754557296875 0.577392578125
13 0.7314453125 0.620361328125 0.7366536453125 0.621826171875 0.7415364578125 0.621337890625 0.7578125 0.6142578125 0.818359375 0.577392578125 0.8219401046874999 0.5712890625 0.8206380203125001 0.564453125 0.7932942703125 0.539306640625 0.7646484375 0.514404296875 0.755859375 0.50830078125 0.7516276046875 0.50732421875 0.7477213546875 0.5078125 0.740234375 0.511474609375 0.6751302078125 0.548095703125 0.6682942703125 0.5537109375 0.6673177078125 0.556396484375 0.6669921875 0.560546875 0.685546875 0.580078125 0.7255859375 0.616455078125 0.7314453125 0.620361328125
6 0.5797526046875 0.5859375 0.591796875 0.583251953125 0.6204427078125 0.568115234375 0.6647135421875 0.5439453125 0.6695963546875 0.54052734375 0.6715494796875 0.537109375 0.6712239578125 0.532958984375 0.6611328125 0.521240234375 0.6184895828125 0.479736328125 0.6106770828125 0.473388671875 0.6064453125 0.47216796875 0.6025390625 0.472412109375 0.5921223953125 0.47705078125 0.5221354171875 0.512939453125 0.5192057296875 0.51806640625 0.51953125 0.522216796875 0.5224609375 0.527099609375 0.5647786453125 0.572265625 0.5797526046875 0.5859375
12 0.4459635421875 0.6416015625 0.4527994796875 0.643798828125 0.4602864578125 0.642578125 0.4908854171875 0.625244140625 0.5328776046875 0.59912109375 0.5374348953125 0.595947265625 0.5397135421875 0.592041015625 0.5364583328125 0.585205078125 0.5110677078125 0.560302734375 0.4807942703125 0.531982421875 0.4739583328125 0.528564453125 0.462890625 0.53076171875 0.4039713546875 0.56396484375 0.3902994796875 0.572265625 0.38671875 0.576171875 0.38671875 0.581787109375 0.4007161453125 0.597412109375 0.4410807296875 0.6376953125 0.4459635421875 0.6416015625
9 0.3759765625 0.56787109375 0.3834635421875 0.572021484375 0.38671875 0.572021484375 0.39453125 0.569091796875 0.4713541671875 0.525634765625 0.4710286453125 0.520263671875 0.4674479171875 0.515625 0.4153645828125 0.466064453125 0.4085286453125 0.46240234375 0.4036458328125 0.46240234375 0.3938802078125 0.46630859375 0.3307291671875 0.5009765625 0.3212890625 0.508544921875 0.3209635421875 0.511962890625 0.3268229171875 0.51953125 0.3649088546875 0.557861328125 0.3759765625 0.56787109375
9 0.4573567703125 0.345458984375 0.470703125 0.341064453125 0.5110677078125 0.332275390625 0.5234375 0.3369140625 0.5465494796875 0.331787109375 0.5511067703125 0.328369140625 0.552734375 0.320068359375 0.5501302078125 0.31103515625 0.53125 0.262451171875 0.5289713546875 0.258544921875 0.5257161453125 0.256103515625 0.5227864578125 0.2548828125 0.5152994796875 0.255126953125 0.462890625 0.2646484375 0.4329427078125 0.271484375 0.4283854171875 0.275634765625 0.4293619796875 0.2861328125 0.4459635421875 0.331298828125 0.4527994796875 0.345458984375 0.4573567703125 0.345458984375
4 0.23079427031250002 0.408203125 0.24088541718749998 0.416015625 0.2516276046875 0.415771484375 0.3072916671875 0.400390625 0.3359375 0.38623046875 0.3365885421875 0.383544921875 0.3330078125 0.374755859375 0.3095703125 0.328125 0.3043619796875 0.3203125 0.2994791671875 0.31689453125 0.2900390625 0.316650390625 0.216796875 0.3369140625 0.2041015625 0.341796875 0.20279947968749998 0.3447265625 0.203125 0.35009765625 0.22721354218749998 0.401611328125 0.23079427031250002 0.408203125
4 0.2698567703125 0.522705078125 0.2760416671875 0.522705078125 0.2825520828125 0.52099609375 0.3199869796875 0.506103515625 0.3489583328125 0.48974609375 0.3603515625 0.484619140625 0.36328125 0.48095703125 0.359375 0.47265625 0.3238932296875 0.42529296875 0.3177083328125 0.4189453125 0.3125 0.416015625 0.3037109375 0.416748046875 0.2828776046875 0.424072265625 0.22395833281250002 0.44873046875 0.21842447968749998 0.452880859375 0.21907552031250002 0.46044921875 0.24869791718749998 0.50146484375 0.2594401046875 0.515625 0.2698567703125 0.522705078125
4 0.4820963546875 0.51953125 0.4873046875 0.521484375 0.4967447921875 0.519775390625 0.5305989578125 0.505859375 0.5748697921875 0.4853515625 0.5787760421875 0.481201171875 0.5791015625 0.47705078125 0.5774739578125 0.473388671875 0.5319010421875 0.41748046875 0.5286458328125 0.415283203125 0.5224609375 0.414306640625 0.5182291671875 0.4150390625 0.5013020828125 0.420654296875 0.4798177078125 0.43017578125 0.4557291671875 0.438720703125 0.4378255203125 0.44775390625 0.4345703125 0.450927734375 0.4345703125 0.455810546875 0.4388020828125 0.464111328125 0.4778645828125 0.515380859375 0.4820963546875 0.51953125
18 0.6442057296875 0.436279296875 0.6546223953125 0.43505859375 0.6578776046875 0.432373046875 0.6627604171875 0.422119140625 0.6751302078125 0.36669921875 0.6744791671875 0.359130859375 0.669921875 0.35595703125 0.6487630203125 0.351806640625 0.5813802078125 0.3427734375 0.5725911453125 0.34423828125 0.568359375 0.3486328125 0.5660807296875 0.35498046875 0.5514322921875 0.411376953125 0.55078125 0.414794921875 0.5537109375 0.42138671875 0.5611979171875 0.42431640625 0.6442057296875 0.436279296875
18 0.8977864578125001 0.62353515625 0.9212239578125001 0.626953125 0.9293619796874999 0.626708984375 0.935546875 0.623291015625 0.9388020828125001 0.615966796875 0.9501953125 0.560791015625 0.9505208328125001 0.547119140625 0.9440104171874999 0.542236328125 0.9261067703125001 0.53857421875 0.8561197921874999 0.526611328125 0.8421223953125001 0.52685546875 0.8382161453125001 0.52880859375 0.8294270828125001 0.536376953125 0.82421875 0.563720703125 0.82421875 0.569580078125 0.8203125 0.578125 0.8157552078125001 0.595458984375 0.8151041671874999 0.603759765625 0.8177083328125001 0.60791015625 0.8385416671874999 0.613037109375 0.8977864578125001 0.62353515625