13 0.205810546875 0.4485677078125 0.2099609375 0.4485677078125 0.21337890625 0.4466145828125 0.21728515625 0.44140625 0.237548828125 0.4078776046875 0.249267578125 0.38671875 0.25439453125 0.3740234375 0.261962890625 0.3668619796875 0.263671875 0.3583984375 0.261962890625 0.3518880203125 0.254150390625 0.341796875 0.20458984375 0.294921875 0.193115234375 0.2861328125 0.189208984375 0.2858072921875 0.184814453125 0.2884114578125 0.167724609375 0.314453125 0.13671875 0.365234375 0.134033203125 0.3717447921875 0.1337890625 0.37890625 0.136962890625 0.384765625 0.20166015625 0.4466145828125 0.205810546875 0.4485677078125
13 0.639404296875 0.3626302078125 0.655029296875 0.3619791671875 0.664306640625 0.3681640625 0.70751953125 0.3688151046875 0.716796875 0.3665364578125 0.72412109375 0.3590494796875 0.725341796875 0.3486328125 0.720458984375 0.26171875 0.71728515625 0.2542317703125 0.707275390625 0.2516276046875 0.644775390625 0.24967447968749998 0.640625 0.2509765625 0.63671875 0.2555338546875 0.63232421875 0.2666015625 0.634765625 0.3444010421875 0.635498046875 0.3557942703125 0.637451171875 0.3616536453125 0.639404296875 0.3626302078125
14 0.373779296875 0.7366536453125 0.381103515625 0.7431640625 0.38623046875 0.744140625 0.390380859375 0.7415364578125 0.39501953125 0.7356770828125 0.43505859375 0.671875 0.443603515625 0.6575520828125 0.445068359375 0.6471354171875 0.444091796875 0.64453125 0.4228515625 0.6175130203125 0.384033203125 0.5745442703125 0.378662109375 0.5719401046875 0.373046875 0.5745442703125 0.36474609375 0.5849609375 0.319580078125 0.6536458328125 0.31640625 0.6624348953125 0.31591796875 0.6647135421875 0.318603515625 0.6715494796875 0.328125 0.68359375 0.373779296875 0.7366536453125
15 0.58837890625 0.48828125 0.59228515625 0.4895833328125 0.6298828125 0.4837239578125 0.6513671875 0.4820963546875 0.664794921875 0.4791666671875 0.672607421875 0.4736328125 0.673095703125 0.462890625 0.671875 0.4453125 0.66357421875 0.3697916671875 0.659912109375 0.3658854171875 0.653564453125 0.3626302078125 0.649658203125 0.3626302078125 0.589111328125 0.3694661453125 0.5810546875 0.3720703125 0.576904296875 0.3763020828125 0.574462890625 0.3824869796875 0.574462890625 0.396484375 0.580322265625 0.4609375 0.582763671875 0.4739583328125 0.58837890625 0.48828125
15 0.446044921875 0.64453125 0.44921875 0.6455078125 0.454345703125 0.6442057296875 0.48876953125 0.5989583328125 0.50927734375 0.5693359375 0.512451171875 0.5615234375 0.510009765625 0.5533854171875 0.50341796875 0.5426432296875 0.4775390625 0.5084635421875 0.453125 0.4794921875 0.447021484375 0.48046875 0.4384765625 0.4889322921875 0.390380859375 0.5520833328125 0.387939453125 0.5579427078125 0.3876953125 0.5641276046875 0.39697265625 0.5797526046875 0.442138671875 0.640625 0.446044921875 0.64453125
0 0.26513671875 0.4973958328125 0.32763671875 0.4954427078125 0.342041015625 0.4938151046875 0.345458984375 0.4925130203125 0.347900390625 0.4889322921875 0.349365234375 0.4840494796875 0.347900390625 0.3863932296875 0.346435546875 0.376953125 0.34326171875 0.3720703125 0.3388671875 0.3701171875 0.33154296875 0.3694661453125 0.2587890625 0.3723958328125 0.25390625 0.3759765625 0.252197265625 0.3802083328125 0.250732421875 0.4072265625 0.250732421875 0.4798177078125 0.251708984375 0.4876302078125 0.255126953125 0.4938151046875 0.26513671875 0.4973958328125
0 0.29296875 0.3684895828125 0.296630859375 0.3697916671875 0.346435546875 0.3688151046875 0.375 0.3642578125 0.380126953125 0.3623046875 0.382568359375 0.3597005203125 0.3837890625 0.3502604171875 0.38037109375 0.3138020828125 0.379150390625 0.3095703125 0.377197265625 0.2825520828125 0.373779296875 0.2545572921875 0.36962890625 0.24381510468749998 0.3642578125 0.24186197968749998 0.354736328125 0.2421875 0.294189453125 0.2509765625 0.286376953125 0.2532552078125 0.283935546875 0.2548828125 0.28173828125 0.2591145828125 0.28173828125 0.2701822921875 0.289306640625 0.3561197921875 0.290771484375 0.3636067703125 0.29296875 0.3684895828125
1 0.80078125 0.375 0.810546875 0.3684895828125 0.814453125 0.3623046875 0.833984375 0.3098958328125 0.83935546875 0.2939453125 0.841552734375 0.2825520828125 0.838623046875 0.2757161453125 0.81787109375 0.2578125 0.782958984375 0.23046875 0.777099609375 0.22786458281250002 0.7724609375 0.22819010468749998 0.76591796875 0.23528645781250002 0.7607421875 0.24381510468749998 0.73779296875 0.3020833328125 0.7333984375 0.3167317703125 0.733642578125 0.3225911453125 0.73974609375 0.330078125 0.793212890625 0.3723958328125 0.80078125 0.375
1 0.47607421875 0.4459635421875 0.477783203125 0.4479166671875 0.48095703125 0.4488932296875 0.54833984375 0.4052734375 0.553955078125 0.3984375 0.55517578125 0.3942057296875 0.5537109375 0.3837890625 0.53125 0.328125 0.52197265625 0.3069661453125 0.518310546875 0.3001302078125 0.515380859375 0.2975260421875 0.50830078125 0.2978515625 0.49169921875 0.3082682296875 0.445556640625 0.3391927078125 0.44140625 0.3453776046875 0.440185546875 0.3486328125 0.44091796875 0.3551432296875 0.4658203125 0.4215494796875 0.47607421875 0.4459635421875
1 0.51220703125 0.5563151046875 0.515869140625 0.5598958328125 0.521484375 0.5592447921875 0.589111328125 0.513671875 0.59130859375 0.5081380203125 0.59130859375 0.501953125 0.587158203125 0.4876302078125 0.5595703125 0.4173177078125 0.55419921875 0.4091796875 0.550537109375 0.4072265625 0.542236328125 0.41015625 0.51904296875 0.4244791671875 0.48046875 0.4508463546875 0.476806640625 0.4586588546875 0.47705078125 0.4661458328125 0.48046875 0.4772135421875 0.504150390625 0.5400390625 0.51220703125 0.5563151046875
1 0.301025390625 0.6647135421875 0.30712890625 0.6669921875 0.3125 0.6640625 0.315673828125 0.6604817703125 0.362060546875 0.587890625 0.3671875 0.5791015625 0.368896484375 0.5735677078125 0.3671875 0.5657552078125 0.363037109375 0.5595703125 0.333251953125 0.5289713546875 0.30908203125 0.5016276046875 0.302490234375 0.4964192703125 0.29638671875 0.4957682296875 0.290283203125 0.5003255203125 0.285400390625 0.5071614578125 0.248046875 0.5641276046875 0.236572265625 0.5846354171875 0.23681640625 0.591796875 0.2412109375 0.5989583328125 0.2939453125 0.6575520828125 0.301025390625 0.6647135421875
11 0.390625 0.5071614578125 0.393798828125 0.5091145828125 0.40185546875 0.5065104171875 0.425048828125 0.4934895828125 0.435546875 0.4892578125 0.44677734375 0.4794921875 0.456298828125 0.4768880203125 0.46337890625 0.4733072921875 0.469970703125 0.4677734375 0.47216796875 0.4635416671875 0.472900390625 0.4563802078125 0.4716796875 0.4498697921875 0.462158203125 0.4182942703125 0.448486328125 0.3763020828125 0.444580078125 0.3662109375 0.439208984375 0.3577473953125 0.43505859375 0.3570963546875 0.426025390625 0.3603515625 0.390625 0.3782552078125 0.362548828125 0.3932291671875 0.358642578125 0.3990885421875 0.358154296875 0.4055989578125 0.359130859375 0.4111328125 0.38671875 0.5009765625 0.390625 0.5071614578125
9 0.386474609375 0.2962239578125 0.407958984375 0.3486328125 0.4140625 0.359375 0.418212890625 0.3616536453125 0.421630859375 0.3610026046875 0.4326171875 0.3531901046875 0.43701171875 0.3492838546875 0.440673828125 0.3427734375 0.447509765625 0.3362630203125 0.486083984375 0.3111979171875 0.490234375 0.3069661453125 0.490234375 0.3004557296875 0.48779296875 0.291015625 0.4794921875 0.2740885421875 0.456298828125 0.21809895781250002 0.45361328125 0.212890625 0.449462890625 0.20865885468749998 0.44287109375 0.20963541718749998 0.430908203125 0.21647135468749998 0.38720703125 0.24479166718749998 0.37451171875 0.2561848953125 0.374267578125 0.2604166671875 0.37646484375 0.2711588546875 0.3818359375 0.2815755203125 0.386474609375 0.2962239578125
18 0.543212890625 0.357421875 0.55029296875 0.3723958328125 0.557373046875 0.3720703125 0.606201171875 0.3427734375 0.617431640625 0.3352864578125 0.623779296875 0.3264973953125 0.62451171875 0.3186848953125 0.62353515625 0.314453125 0.593017578125 0.2333984375 0.58837890625 0.22721354218749998 0.584716796875 0.2265625 0.57763671875 0.22916666718749998 0.51953125 0.2633463546875 0.5146484375 0.2679036453125 0.511962890625 0.275390625 0.511962890625 0.283203125 0.5146484375 0.2919921875 0.524658203125 0.3115234375 0.543212890625 0.357421875
18 0.640380859375 0.62109375 0.6455078125 0.6217447921875 0.651611328125 0.6204427078125 0.698974609375 0.5947265625 0.7138671875 0.5856119796875 0.721923828125 0.578125 0.72265625 0.57421875 0.7216796875 0.5686848953125 0.703125 0.5120442703125 0.69091796875 0.4768880203125 0.6865234375 0.4723307296875 0.680908203125 0.4723307296875 0.65283203125 0.4856770828125 0.61328125 0.5071614578125 0.6083984375 0.5113932296875 0.606201171875 0.515625 0.60546875 0.5227864578125 0.61474609375 0.5530598953125 0.636474609375 0.6168619796875 0.640380859375 0.62109375
18 0.6474609375 0.9169921875 0.654296875 0.9235026046874999 0.6611328125 0.9228515625 0.686279296875 0.9046223953125001 0.720947265625 0.8763020828125001 0.72705078125 0.8701171875 0.7294921875 0.8655598953125001 0.729248046875 0.8551432296874999 0.72119140625 0.8317057296874999 0.693603515625 0.7620442703125 0.6865234375 0.7548828125 0.681884765625 0.75390625 0.673828125 0.7568359375 0.639404296875 0.7822265625 0.6318359375 0.7897135421875 0.6162109375 0.8001302078125001 0.609130859375 0.8072916671874999 0.608642578125 0.8147786453125001 0.612060546875 0.8264973953125001 0.640380859375 0.9020182296874999 0.6474609375 0.9169921875
16 0.490966796875 0.7724609375 0.49462890625 0.7731119796875 0.500244140625 0.76953125 0.505859375 0.7623697921875 0.547119140625 0.69921875 0.552734375 0.6888020828125 0.55419921875 0.6839192703125 0.552734375 0.6764322921875 0.54443359375 0.6647135421875 0.505859375 0.6158854171875 0.497314453125 0.6057942703125 0.4912109375 0.6009114578125 0.486083984375 0.6031901046875 0.478759765625 0.6123046875 0.4541015625 0.646484375 0.451416015625 0.6516927078125 0.443603515625 0.6611328125 0.437255859375 0.6725260421875 0.429931640625 0.6826171875 0.429443359375 0.6901041671875 0.431884765625 0.6979166671875 0.48388671875 0.765625 0.490966796875 0.7724609375
16 0.7275390625 0.5791015625 0.734130859375 0.580078125 0.7451171875 0.5745442703125 0.796875 0.53515625 0.802001953125 0.529296875 0.802734375 0.5250651046875 0.802001953125 0.5185546875 0.78173828125 0.4671223953125 0.769775390625 0.4391276046875 0.761962890625 0.4303385421875 0.755126953125 0.4306640625 0.69384765625 0.474609375 0.692138671875 0.4772135421875 0.693603515625 0.4840494796875 0.7236328125 0.5738932296875 0.7275390625 0.5791015625
12 0.550048828125 0.6650390625 0.555908203125 0.6728515625 0.560546875 0.6731770828125 0.570068359375 0.6689453125 0.630615234375 0.6272786453125 0.63330078125 0.6233723953125 0.63525390625 0.6165364578125 0.6279296875 0.591796875 0.599853515625 0.5224609375 0.595947265625 0.5166015625 0.592529296875 0.5146484375 0.587890625 0.515625 0.542724609375 0.5452473953125 0.51904296875 0.5625 0.51611328125 0.5690104171875 0.51611328125 0.5748697921875 0.518798828125 0.5836588546875 0.546142578125 0.6555989578125 0.550048828125 0.6650390625
17 0.602294921875 0.7724609375 0.60595703125 0.7786458328125 0.609619140625 0.7815755203125 0.6162109375 0.7828776046875 0.62353515625 0.7799479171875 0.68212890625 0.7412109375 0.6865234375 0.7379557296875 0.688720703125 0.734375 0.68896484375 0.7265625 0.686767578125 0.7158203125 0.662841796875 0.6474609375 0.65576171875 0.6298828125 0.651123046875 0.6240234375 0.643798828125 0.6240234375 0.629638671875 0.6311848953125 0.583251953125 0.6611328125 0.57177734375 0.6702473953125 0.57080078125 0.6748046875 0.57373046875 0.6858723953125 0.5986328125 0.7620442703125 0.602294921875 0.7724609375
4 0.69091796875 0.7373046875 0.696044921875 0.7418619796875 0.7041015625 0.7425130203125 0.713623046875 0.7379557296875 0.75537109375 0.7086588546875 0.76708984375 0.6995442703125 0.7724609375 0.6927083328125 0.77294921875 0.6852213546875 0.771728515625 0.6793619796875 0.7646484375 0.658203125 0.74169921875 0.5953776046875 0.737060546875 0.587890625 0.734375 0.5859375 0.727783203125 0.5862630203125 0.719482421875 0.5904947921875 0.66015625 0.6292317703125 0.65869140625 0.6318359375 0.65966796875 0.6380208328125 0.6865234375 0.7132161453125 0.688720703125 0.7213541671875 0.69091796875 0.7373046875
6 0.805419921875 0.5218098953125 0.810791015625 0.5231119796875 0.824951171875 0.5182291671875 0.877685546875 0.4850260421875 0.880859375 0.4817708328125 0.882568359375 0.4772135421875 0.882080078125 0.470703125 0.8779296875 0.4563802078125 0.863037109375 0.4147135421875 0.8525390625 0.3873697921875 0.848876953125 0.3815104171875 0.845947265625 0.3792317703125 0.841796875 0.37890625 0.8349609375 0.3821614578125 0.787353515625 0.4095052078125 0.7744140625 0.4182942703125 0.77001953125 0.4251302078125 0.77099609375 0.435546875 0.7783203125 0.4557291671875 0.802734375 0.5188802078125 0.805419921875 0.5218098953125