7 0.559814453125 0.8834635421874999 0.563720703125 0.8824869796874999 0.565185546875 0.8795572921874999 0.569091796875 0.859375 0.572509765625 0.8274739578125001 0.572265625 0.8173828125 0.567626953125 0.8131510421874999 0.5224609375 0.8020833328125001 0.51953125 0.802734375 0.515380859375 0.8076171875 0.514404296875 0.8108723953125001 0.51025390625 0.8587239578125001 0.509765625 0.8678385421874999 0.51220703125 0.8727213546874999 0.5380859375 0.8798828125 0.559814453125 0.8834635421874999
7 0.620361328125 0.7822265625 0.626953125 0.7815755203125 0.628662109375 0.779296875 0.630126953125 0.7734375 0.6376953125 0.7327473953125 0.639404296875 0.7171223953125 0.63818359375 0.7080078125 0.635986328125 0.7054036453125 0.63037109375 0.7034505203125 0.602783203125 0.697265625 0.586181640625 0.6920572921875 0.58056640625 0.6927083328125 0.5771484375 0.69921875 0.56884765625 0.7568359375 0.568603515625 0.7626953125 0.56982421875 0.7682291671875 0.574951171875 0.7718098953125 0.620361328125 0.7822265625
7 0.36279296875 0.7685546875 0.3662109375 0.7688802078125 0.36962890625 0.7646484375 0.373291015625 0.7483723953125 0.376708984375 0.703125 0.375732421875 0.6988932296875 0.3740234375 0.6969401046875 0.33154296875 0.68359375 0.324462890625 0.6829427078125 0.321044921875 0.6848958328125 0.3173828125 0.69140625 0.31494140625 0.71875 0.314697265625 0.7490234375 0.315185546875 0.7516276046875 0.317626953125 0.7548828125 0.36279296875 0.7685546875
7 0.327392578125 0.5390625 0.33154296875 0.5387369796875 0.335693359375 0.5335286453125 0.341796875 0.5182291671875 0.35302734375 0.4749348953125 0.353515625 0.4641927078125 0.352294921875 0.4615885421875 0.341796875 0.458984375 0.298583984375 0.4375 0.29296875 0.4358723953125 0.289306640625 0.4384765625 0.28564453125 0.44921875 0.276611328125 0.4944661453125 0.27587890625 0.5078125 0.279296875 0.5120442703125 0.317626953125 0.5348307296875 0.327392578125 0.5390625
7 0.19921875 0.5302734375 0.20263671875 0.5299479171875 0.209228515625 0.5263671875 0.239501953125 0.5052083328125 0.248046875 0.4970703125 0.25048828125 0.4915364578125 0.249267578125 0.4860026046875 0.236328125 0.4599609375 0.2220458984375 0.4480794265625 0.2197265625 0.4404296875 0.219970703125 0.4283854171875 0.217041015625 0.4248046875 0.213134765625 0.4254557296875 0.19384765625 0.4388020828125 0.17529296875 0.4524739578125 0.165771484375 0.4619140625 0.16552734375 0.466796875 0.1884765625 0.5143229171875 0.1943359375 0.5257161453125 0.19921875 0.5302734375
7 0.444580078125 0.5901692703125 0.44970703125 0.591796875 0.454345703125 0.5888671875 0.465087890625 0.5735677078125 0.485107421875 0.5377604171875 0.487548828125 0.529296875 0.484375 0.5250651046875 0.46875 0.5146484375 0.463134765625 0.5026041671875 0.44775390625 0.48828125 0.442138671875 0.4814453125 0.438720703125 0.4798177078125 0.435791015625 0.4814453125 0.431396484375 0.4876302078125 0.4033203125 0.5361328125 0.401611328125 0.5416666671875 0.40185546875 0.546875 0.404296875 0.5511067703125 0.439697265625 0.5862630203125 0.444580078125 0.5901692703125
4 0.237060546875 0.4576822921875 0.26904296875 0.4742838546875 0.276611328125 0.4752604171875 0.279541015625 0.4710286453125 0.28662109375 0.4410807296875 0.290771484375 0.4329427078125 0.291015625 0.4241536453125 0.294677734375 0.3971354171875 0.2919921875 0.3938802078125 0.2490234375 0.3688151046875 0.244873046875 0.3671875 0.23779296875 0.3684895828125 0.23291015625 0.3733723953125 0.230712890625 0.3792317703125 0.22119140625 0.4254557296875 0.220458984375 0.4410807296875 0.2216796875 0.4462890625 0.2236328125 0.4488932296875 0.237060546875 0.4576822921875
4 0.60595703125 0.583984375 0.61962890625 0.5813802078125 0.6435546875 0.572265625 0.65771484375 0.5657552078125 0.6650390625 0.5611979171875 0.666259765625 0.55859375 0.666259765625 0.5465494796875 0.648193359375 0.484375 0.64599609375 0.4788411453125 0.643798828125 0.4765625 0.637939453125 0.4768880203125 0.598388671875 0.4951171875 0.591064453125 0.4967447921875 0.583251953125 0.5045572921875 0.581787109375 0.5113932296875 0.583984375 0.521484375 0.60205078125 0.5794270828125 0.60595703125 0.583984375
0 0.58837890625 0.4925130203125 0.591796875 0.4918619796875 0.595703125 0.4873046875 0.601318359375 0.4772135421875 0.620849609375 0.4300130203125 0.623779296875 0.4215494796875 0.623291015625 0.412109375 0.6201171875 0.4078776046875 0.59228515625 0.3896484375 0.568603515625 0.375 0.56396484375 0.3740234375 0.55712890625 0.3837890625 0.533203125 0.44921875 0.53271484375 0.453125 0.534423828125 0.4576822921875 0.536865234375 0.4602864578125 0.58837890625 0.4925130203125
0 0.40771484375 0.2568359375 0.412109375 0.2591145828125 0.4189453125 0.2555338546875 0.42529296875 0.24641927031250002 0.453369140625 0.2001953125 0.45751953125 0.1917317703125 0.458984375 0.1848958328125 0.45458984375 0.1770833328125 0.418701171875 0.1331380203125 0.408935546875 0.1217447921875 0.404296875 0.1197916671875 0.39990234375 0.1217447921875 0.3935546875 0.1292317703125 0.36083984375 0.1888020828125 0.3603515625 0.1966145828125 0.3623046875 0.20247395781250002 0.403076171875 0.2516276046875 0.40771484375 0.2568359375
0 0.3134765625 0.3466796875 0.31640625 0.3505859375 0.32080078125 0.3531901046875 0.32763671875 0.3499348953125 0.353515625 0.32421875 0.36962890625 0.3069661453125 0.373046875 0.3001302078125 0.37109375 0.2932942703125 0.342529296875 0.24088541718749998 0.33544921875 0.228515625 0.33203125 0.22591145781250002 0.321044921875 0.23079427031250002 0.289794921875 0.2630208328125 0.279296875 0.2763671875 0.27978515625 0.2825520828125 0.286376953125 0.296875 0.29833984375 0.3160807296875 0.3134765625 0.3466796875
1 0.383544921875 0.6669921875 0.3935546875 0.6653645828125 0.4287109375 0.6526692703125 0.43408203125 0.6481119796875 0.436279296875 0.6442057296875 0.43603515625 0.640625 0.42431640625 0.6106770828125 0.4248046875 0.6018880203125 0.423828125 0.5960286453125 0.419189453125 0.5807291671875 0.414794921875 0.5719401046875 0.41064453125 0.5719401046875 0.36962890625 0.5885416671875 0.36279296875 0.5927734375 0.35888671875 0.5989583328125 0.359375 0.6070963546875 0.36865234375 0.63671875 0.380126953125 0.6637369796875 0.383544921875 0.6669921875
9 0.352294921875 0.4599609375 0.35498046875 0.4567057296875 0.3583984375 0.4488932296875 0.365478515625 0.4186197921875 0.36865234375 0.3935546875 0.368408203125 0.3824869796875 0.366943359375 0.3763020828125 0.36572265625 0.3743489578125 0.35498046875 0.3688151046875 0.32470703125 0.3544921875 0.3193359375 0.353515625 0.314208984375 0.349609375 0.310546875 0.3492838546875 0.30322265625 0.3564453125 0.293212890625 0.4140625 0.2919921875 0.427734375 0.294189453125 0.4339192703125 0.34130859375 0.4576822921875 0.352294921875 0.4599609375
9 0.37744140625 0.435546875 0.380126953125 0.4371744796875 0.435546875 0.4365234375 0.439453125 0.43359375 0.44140625 0.4283854171875 0.442626953125 0.4202473953125 0.437744140625 0.3544921875 0.435302734375 0.3466796875 0.43212890625 0.3447265625 0.382568359375 0.3450520828125 0.372802734375 0.3479817703125 0.368896484375 0.3522135421875 0.367919921875 0.35546875 0.36865234375 0.3723958328125 0.373046875 0.4072265625 0.374755859375 0.4296875 0.37744140625 0.435546875
17 0.51904296875 0.5432942703125 0.5224609375 0.5439453125 0.526611328125 0.541015625 0.536376953125 0.5185546875 0.54833984375 0.4847005203125 0.55126953125 0.4736328125 0.54638671875 0.466796875 0.535400390625 0.4602864578125 0.53076171875 0.4527994796875 0.515869140625 0.4449869796875 0.498291015625 0.4332682296875 0.494384765625 0.4329427078125 0.491455078125 0.4345703125 0.48779296875 0.4407552078125 0.469970703125 0.4938151046875 0.466552734375 0.5048828125 0.46826171875 0.5126953125 0.48779296875 0.5263671875 0.51904296875 0.5432942703125
18 0.52392578125 0.3792317703125 0.52587890625 0.3805338546875 0.530029296875 0.3802083328125 0.55712890625 0.3740234375 0.584228515625 0.3645833328125 0.58837890625 0.3623046875 0.590087890625 0.3597005203125 0.591796875 0.353515625 0.59130859375 0.3460286453125 0.57861328125 0.2750651046875 0.576904296875 0.2685546875 0.574462890625 0.2649739578125 0.56787109375 0.2652994796875 0.515380859375 0.2835286453125 0.510986328125 0.2861328125 0.5078125 0.2906901046875 0.5068359375 0.2939453125 0.50830078125 0.306640625 0.521728515625 0.3756510421875 0.52392578125 0.3792317703125
12 0.682373046875 0.3684895828125 0.685791015625 0.3658854171875 0.714599609375 0.310546875 0.721923828125 0.2932942703125 0.722412109375 0.2838541671875 0.71728515625 0.2786458328125 0.677001953125 0.2470703125 0.66455078125 0.23795572968749998 0.661376953125 0.23697916718749998 0.658203125 0.23860677031250002 0.654052734375 0.24446614531250002 0.640380859375 0.2731119796875 0.622802734375 0.314453125 0.622314453125 0.3216145828125 0.6259765625 0.3284505203125 0.67529296875 0.3665364578125 0.682373046875 0.3684895828125
12 0.177001953125 0.61328125 0.181396484375 0.615234375 0.198486328125 0.6171875 0.22705078125 0.6181640625 0.23046875 0.6158854171875 0.234130859375 0.6103515625 0.236328125 0.6028645828125 0.23583984375 0.5950520828125 0.23193359375 0.5764973953125 0.228271484375 0.5472005203125 0.224853515625 0.5387369796875 0.218505859375 0.5367838546875 0.178466796875 0.5348307296875 0.169921875 0.5387369796875 0.164794921875 0.544921875 0.16455078125 0.55078125 0.17041015625 0.591796875 0.1748046875 0.609375 0.177001953125 0.61328125
12 0.435791015625 0.8294270828125001 0.439208984375 0.8291015625 0.45166015625 0.8098958328125001 0.463623046875 0.7880859375 0.46728515625 0.7724609375 0.464599609375 0.7685546875 0.452392578125 0.7571614578125 0.4501953125 0.7561848953125 0.4409992671875 0.7571614578125 0.4365234375 0.7548828125 0.43310546875 0.7506510421875 0.427978515625 0.7379557296875 0.425537109375 0.7347005203125 0.421630859375 0.7333984375 0.417236328125 0.7376302078125 0.416015625 0.7415364578125 0.39697265625 0.7760416671875 0.391845703125 0.7887369796875 0.39208984375 0.7932942703125 0.39404296875 0.7972005203125 0.427734375 0.8245442703125001 0.435791015625 0.8294270828125001
11 0.286376953125 0.6214192703125 0.28955078125 0.6233723953125 0.29345703125 0.6227213546875 0.310546875 0.61328125 0.33203125 0.5992838546875 0.335693359375 0.5953776046875 0.33837890625 0.5882161453125 0.3388671875 0.5846354171875 0.337890625 0.5813802078125 0.316650390625 0.5374348953125 0.3037109375 0.5279947921875 0.30078125 0.5270182296875 0.296875 0.5279947921875 0.26513671875 0.5494791671875 0.2578125 0.55859375 0.25732421875 0.5634765625 0.258544921875 0.5677083328125 0.281005859375 0.61328125 0.286376953125 0.6214192703125
11 0.4482421875 0.6689453125 0.452392578125 0.6731770828125 0.45703125 0.6731770828125 0.47412109375 0.6666666671875 0.498046875 0.654296875 0.502685546875 0.6510416671875 0.505126953125 0.6455078125 0.505615234375 0.634765625 0.501953125 0.623046875 0.484130859375 0.5777994796875 0.480712890625 0.57421875 0.4658203125 0.5797526046875 0.451416015625 0.5921223953125 0.44921875 0.5930989578125 0.4423828125 0.591796875 0.43505859375 0.5950520828125 0.427978515625 0.6009114578125 0.425537109375 0.6057942703125 0.42529296875 0.6126302078125 0.43115234375 0.6276041671875 0.4462890625 0.6650390625 0.4482421875 0.6689453125
13 0.23717749062500001 0.7076302078125 0.2412109375 0.7034505203125 0.24365234375 0.6995442703125 0.249755859375 0.6845703125 0.25927734375 0.6500651046875 0.260009765625 0.6438802078125 0.257568359375 0.6396484375 0.227294921875 0.6197916671875 0.202880859375 0.6184895828125 0.199462890625 0.6243489578125 0.190185546875 0.6650390625 0.189208984375 0.671875 0.1915249015625 0.678935871875 0.223220459375 0.6999462890625 0.23717749062500001 0.7076302078125
13 0.547705078125 0.6663411453125 0.565185546875 0.6686197921875 0.574951171875 0.6686197921875 0.57666015625 0.6663411453125 0.579345703125 0.64453125 0.580078125 0.609375 0.579833984375 0.591796875 0.577880859375 0.587890625 0.572998046875 0.5862630203125 0.522216796875 0.5813802078125 0.51806640625 0.5846354171875 0.515625 0.5901692703125 0.514892578125 0.5953776046875 0.51513671875 0.6549479171875 0.517333984375 0.6624348953125 0.523193359375 0.6653645828125 0.547705078125 0.6663411453125
13 0.747802734375 0.6484375 0.7548828125 0.6494140625 0.777587890625 0.6438802078125 0.80859375 0.6334635421875 0.81298828125 0.6298828125 0.813720703125 0.6223958328125 0.806396484375 0.57421875 0.802490234375 0.5569661453125 0.797607421875 0.5472005203125 0.790771484375 0.5465494796875 0.73779296875 0.5631510421875 0.73291015625 0.5680338546875 0.732421875 0.5745442703125 0.7353515625 0.5921223953125 0.74560546875 0.6435546875 0.747802734375 0.6484375
10 0.5048828125 0.7867838546875 0.535400390625 0.7919921875 0.553955078125 0.7926432296875 0.56005859375 0.7897135421875 0.5625 0.7698567703125 0.56201171875 0.7229817703125 0.560546875 0.716796875 0.55419921875 0.71484375 0.509765625 0.7102864578125 0.505126953125 0.7109375 0.501220703125 0.716796875 0.500732421875 0.7350260421875 0.501953125 0.7779947921875 0.50244140625 0.7828776046875 0.5048828125 0.7867838546875
18 0.43896484375 0.7548828125 0.443359375 0.7552083328125 0.46630859375 0.7486979171875 0.485595703125 0.740234375 0.487548828125 0.7389322921875 0.489990234375 0.734375 0.49072265625 0.7252604171875 0.489990234375 0.716796875 0.486572265625 0.7086588546875 0.484619140625 0.6995442703125 0.478515625 0.6848958328125 0.473876953125 0.6682942703125 0.454345703125 0.6744791671875 0.445556640625 0.6692708328125 0.423095703125 0.6780598953125 0.418212890625 0.6832682296875 0.41552734375 0.6897786453125 0.41552734375 0.6959635421875 0.426513671875 0.7317708328125 0.434326171875 0.75 0.43896484375 0.7548828125