3 0.297607421875 0.8089192703125001 0.303955078125 0.80859375 0.3671875 0.7652994796875 0.380615234375 0.7552083328125 0.3837890625 0.7516276046875 0.38525390625 0.7473958328125 0.38525390625 0.7353515625 0.379638671875 0.7174479171875 0.3525390625 0.646484375 0.349609375 0.6402994796875 0.345458984375 0.6370442703125 0.33984375 0.6373697921875 0.33056640625 0.6419270828125 0.2939453125 0.6647135421875 0.2626953125 0.685546875 0.259521484375 0.6891276046875 0.2578125 0.6943359375 0.25830078125 0.7018229171875 0.2861328125 0.7900390625 0.290283203125 0.8001302078125001 0.297607421875 0.8089192703125001
5 0.43603515625 0.787109375 0.442626953125 0.7880859375 0.453125 0.7838541671875 0.515625 0.7483723953125 0.522216796875 0.7425130203125 0.524658203125 0.7376302078125 0.52587890625 0.7272135421875 0.5244140625 0.7200520828125 0.494384765625 0.6337890625 0.488525390625 0.6263020828125 0.48388671875 0.6256510421875 0.476318359375 0.6282552078125 0.413330078125 0.66015625 0.40673828125 0.6653645828125 0.404296875 0.669921875 0.403564453125 0.6790364578125 0.408203125 0.6969401046875 0.43115234375 0.7776692703125 0.43603515625 0.787109375
10 0.3740234375 0.6865234375 0.381591796875 0.6865234375 0.398193359375 0.6787109375 0.40185546875 0.6748046875 0.406005859375 0.6650390625 0.40966796875 0.6614583328125 0.45654296875 0.6373697921875 0.458740234375 0.6341145828125 0.4560546875 0.6197916671875 0.433837890625 0.5501302078125 0.428466796875 0.5406901046875 0.423583984375 0.5393880203125 0.4150390625 0.5419921875 0.36962890625 0.5625 0.348388671875 0.5735677078125 0.344970703125 0.5777994796875 0.344482421875 0.580078125 0.345458984375 0.591796875 0.365966796875 0.6712239578125 0.36865234375 0.6790364578125 0.3740234375 0.6865234375
20 0.322998046875 0.5537109375 0.36474609375 0.5625 0.38037109375 0.5572916671875 0.39404296875 0.5501302078125 0.39697265625 0.5465494796875 0.41015625 0.4807942703125 0.41015625 0.4716796875 0.40869140625 0.4638671875 0.403564453125 0.4586588546875 0.387451171875 0.4544270828125 0.342041015625 0.4446614578125 0.334228515625 0.4443359375 0.3310546875 0.4456380203125 0.327392578125 0.4488932296875 0.32373046875 0.4593098953125 0.306884765625 0.5240885421875 0.3056640625 0.5367838546875 0.3095703125 0.5475260421875 0.3125 0.5501302078125 0.322998046875 0.5537109375
12 0.219970703125 0.5403645828125 0.2763671875 0.5579427078125 0.285400390625 0.5602213546875 0.29345703125 0.5595703125 0.298583984375 0.5533854171875 0.303955078125 0.5377604171875 0.3095703125 0.5087890625 0.319580078125 0.47265625 0.32080078125 0.4632161453125 0.3203125 0.4586588546875 0.31689453125 0.4544270828125 0.310791015625 0.4514973953125 0.260009765625 0.4375 0.2490234375 0.435546875 0.24462890625 0.4365234375 0.239990234375 0.4423828125 0.235107421875 0.453125 0.2109375 0.5188802078125 0.210693359375 0.5250651046875 0.212646484375 0.5315755203125 0.216796875 0.5380859375 0.219970703125 0.5403645828125
2 0.310546875 0.4498697921875 0.3193359375 0.4547526046875 0.321044921875 0.4573567703125 0.33203125 0.4420572921875 0.334716796875 0.4251302078125 0.349365234375 0.3697916671875 0.348876953125 0.3662109375 0.34765625 0.3636067703125 0.34521484375 0.3619791671875 0.32470703125 0.3561197921875 0.2890625 0.3486328125 0.275634765625 0.3489583328125 0.2724609375 0.3538411453125 0.261962890625 0.3834635421875 0.24951171875 0.4235026046875 0.25 0.4296875 0.251953125 0.4342447921875 0.30029296875 0.4482421875 0.310546875 0.4498697921875
12 0.4539794921875 0.6067708328125 0.4605712890625 0.6080729171875 0.4935302734375 0.6009114578125 0.5281982421875 0.5921223953125 0.5343017578125 0.5885416671875 0.5369873046875 0.5794270828125 0.5369873046875 0.5673828125 0.5213623046875 0.4912109375 0.5181884765625 0.4856770828125 0.5145263671875 0.4833984375 0.5079345703125 0.4820963546875 0.4932861328125 0.4860026046875 0.4554443359375 0.4925130203125 0.4415283203125 0.4967447921875 0.4373779296875 0.5006510421875 0.4359130859375 0.5055338546875 0.4361572265625 0.5159505203125 0.4466552734375 0.587890625 0.4508056640625 0.6022135421875 0.4539794921875 0.6067708328125
8 0.406005859375 0.458984375 0.411376953125 0.4677734375 0.4130859375 0.4654947921875 0.4296875 0.3932291671875 0.4306640625 0.38671875 0.429443359375 0.3766276046875 0.427734375 0.3743489578125 0.422119140625 0.3714192703125 0.385498046875 0.3629557296875 0.360107421875 0.3597005203125 0.353759765625 0.3626302078125 0.35107421875 0.3662109375 0.333984375 0.4319661453125 0.3330078125 0.439453125 0.33447265625 0.4427083328125 0.401123046875 0.4567057296875 0.406005859375 0.458984375
8 0.376953125 0.3600260421875 0.422607421875 0.3707682296875 0.42578125 0.3727213546875 0.427978515625 0.3704427078125 0.429931640625 0.3639322921875 0.439453125 0.3173828125 0.4404296875 0.3089192703125 0.43994140625 0.3011067703125 0.436767578125 0.296875 0.429931640625 0.29296875 0.384033203125 0.283203125 0.376708984375 0.2822265625 0.36962890625 0.283203125 0.3662109375 0.287109375 0.364013671875 0.2923177078125 0.349365234375 0.3470052078125 0.349609375 0.3577473953125 0.352294921875 0.3623046875 0.361083984375 0.3583984375 0.376953125 0.3600260421875
7 0.291748046875 0.3483072921875 0.346923828125 0.3606770828125 0.34814453125 0.3590494796875 0.349609375 0.3411458328125 0.36181640625 0.2965494796875 0.362060546875 0.2861328125 0.360595703125 0.2828776046875 0.35693359375 0.2805989578125 0.344482421875 0.27734375 0.2998046875 0.271484375 0.290771484375 0.2724609375 0.287841796875 0.275390625 0.28564453125 0.2805989578125 0.270751953125 0.3375651046875 0.270751953125 0.3447265625 0.2724609375 0.349609375 0.2783203125 0.3479817703125 0.291748046875 0.3483072921875
7 0.40087890625 0.1982421875 0.40478515625 0.1959635421875 0.406494140625 0.1930338546875 0.4150390625 0.1650390625 0.419677734375 0.1477864578125 0.41943359375 0.1318359375 0.41845703125 0.12890625 0.4150390625 0.1253255203125 0.359375 0.1155598953125 0.35546875 0.1184895828125 0.33935546875 0.1650390625 0.33935546875 0.1731770828125 0.3408203125 0.1813151046875 0.34521484375 0.1865234375 0.40087890625 0.1982421875
12 0.44580078125 0.22102864531250002 0.4501953125 0.22330729218749998 0.45654296875 0.232421875 0.495361328125 0.2373046875 0.497802734375 0.236328125 0.50390625 0.228515625 0.51904296875 0.20638020781250002 0.521728515625 0.1995442703125 0.522705078125 0.1875 0.519775390625 0.1813151046875 0.51220703125 0.1761067703125 0.4814453125 0.1575520828125 0.471923828125 0.1526692703125 0.467041015625 0.15234375 0.458740234375 0.16015625 0.43408203125 0.1927083328125 0.431884765625 0.1979166671875 0.431640625 0.21028645781250002 0.433837890625 0.216796875 0.43896484375 0.22037760468749998 0.44580078125 0.22102864531250002
19 0.460205078125 0.3053385421875 0.494873046875 0.3131510421875 0.50830078125 0.3180338546875 0.518310546875 0.3190104171875 0.520263671875 0.314453125 0.52197265625 0.2952473953125 0.5244140625 0.2825520828125 0.527099609375 0.2581380203125 0.52685546875 0.24837239531250002 0.523193359375 0.24446614531250002 0.518798828125 0.2431640625 0.471923828125 0.23470052031250002 0.45947265625 0.23470052031250002 0.45703125 0.23763020781250002 0.45458984375 0.24479166718749998 0.447021484375 0.2926432296875 0.44677734375 0.3037109375 0.449462890625 0.3089192703125 0.453125 0.3059895828125 0.460205078125 0.3053385421875
19 0.572509765625 0.3079427078125 0.593505859375 0.3079427078125 0.598876953125 0.3102213546875 0.6005859375 0.3076171875 0.602294921875 0.2985026046875 0.599853515625 0.25 0.59814453125 0.2412109375 0.595947265625 0.23697916718749998 0.59130859375 0.2353515625 0.53515625 0.23209635468749998 0.529296875 0.2353515625 0.527587890625 0.23990885468749998 0.527099609375 0.2864583328125 0.5283203125 0.3121744796875 0.532958984375 0.3131510421875 0.572509765625 0.3079427078125
11 0.609375 0.3251953125 0.6630859375 0.3304036453125 0.668701171875 0.3294270828125 0.673828125 0.3248697921875 0.67578125 0.3190104171875 0.67724609375 0.306640625 0.67333984375 0.2587890625 0.6708984375 0.248046875 0.664794921875 0.24479166718749998 0.609619140625 0.24055989531250002 0.604248046875 0.24251302031250002 0.6015625 0.24967447968749998 0.603271484375 0.2939453125 0.601318359375 0.3157552078125 0.60400390625 0.3225911453125 0.609375 0.3251953125
12 0.55322265625 0.3958333328125 0.582763671875 0.4007161453125 0.602783203125 0.3990885421875 0.609130859375 0.39453125 0.612060546875 0.3841145828125 0.611572265625 0.373046875 0.60302734375 0.326171875 0.59912109375 0.3141276046875 0.597412109375 0.3118489578125 0.5908203125 0.3089192703125 0.579833984375 0.3089192703125 0.54296875 0.3121744796875 0.53271484375 0.3141276046875 0.529052734375 0.31640625 0.526123046875 0.3206380203125 0.52490234375 0.3317057296875 0.5322265625 0.3844401046875 0.5341796875 0.3896484375 0.55322265625 0.3958333328125
8 0.698974609375 0.4134114578125 0.702880859375 0.4163411453125 0.70947265625 0.4150390625 0.755126953125 0.3902994796875 0.760498046875 0.3850911453125 0.765869140625 0.3733723953125 0.765869140625 0.3694661453125 0.764404296875 0.3658854171875 0.753173828125 0.3466796875 0.7314453125 0.3147786453125 0.72412109375 0.3069661453125 0.719970703125 0.306640625 0.7138671875 0.30859375 0.67578125 0.3264973953125 0.667724609375 0.3323567703125 0.663818359375 0.3414713546875 0.66259765625 0.3522135421875 0.664306640625 0.3564453125 0.6923828125 0.4039713546875 0.698974609375 0.4134114578125
21 0.62939453125 0.4964192703125 0.633544921875 0.5006510421875 0.637939453125 0.5087890625 0.664794921875 0.5149739578125 0.67578125 0.513671875 0.6806640625 0.5048828125 0.68310546875 0.4899088546875 0.68505859375 0.4345703125 0.68505859375 0.4248046875 0.68408203125 0.4205729171875 0.682373046875 0.4176432296875 0.678466796875 0.4150390625 0.66162109375 0.41015625 0.618408203125 0.4016927078125 0.611572265625 0.4016927078125 0.607421875 0.4033203125 0.603271484375 0.4111328125 0.6015625 0.4368489578125 0.5966796875 0.4798177078125 0.5966796875 0.4912109375 0.598876953125 0.4931640625 0.623046875 0.494140625 0.62939453125 0.4964192703125
10 0.43017578125 0.2919921875 0.4375 0.2962239578125 0.439208984375 0.298828125 0.440673828125 0.2981770828125 0.444580078125 0.2932942703125 0.453857421875 0.23697916718749998 0.453857421875 0.23079427031250002 0.449951171875 0.224609375 0.445556640625 0.22200520781250002 0.39794921875 0.2138671875 0.38671875 0.21451822968749998 0.38427734375 0.216796875 0.383056640625 0.22037760468749998 0.3720703125 0.2692057296875 0.371337890625 0.2766927078125 0.373046875 0.2809244796875 0.404052734375 0.2854817703125 0.43017578125 0.2919921875
7 0.439208984375 0.3834635421875 0.44580078125 0.3831380203125 0.453857421875 0.3860677078125 0.4736328125 0.3899739578125 0.4912109375 0.3958333328125 0.5078125 0.3984375 0.509521484375 0.3938802078125 0.513671875 0.3694661453125 0.520751953125 0.3385416671875 0.520263671875 0.326171875 0.5146484375 0.3206380203125 0.498046875 0.3151041671875 0.486572265625 0.3131510421875 0.463134765625 0.306640625 0.456298828125 0.3063151046875 0.44970703125 0.3082682296875 0.4482421875 0.3098958328125 0.442138671875 0.3271484375 0.437744140625 0.34765625 0.431396484375 0.3697916671875 0.4306640625 0.375 0.432861328125 0.3857421875 0.435546875 0.3860677078125 0.439208984375 0.3834635421875
11 0.457763671875 0.4899088546875 0.478515625 0.4879557296875 0.496337890625 0.4837239578125 0.4990234375 0.4781901046875 0.50048828125 0.4658203125 0.509521484375 0.4222005203125 0.510986328125 0.4114583328125 0.51025390625 0.4049479171875 0.50537109375 0.3987630203125 0.50048828125 0.3984375 0.443115234375 0.3831380203125 0.438720703125 0.3841145828125 0.433837890625 0.3883463546875 0.4306640625 0.3961588546875 0.41552734375 0.4573567703125 0.415283203125 0.466796875 0.41796875 0.4768880203125 0.425537109375 0.4814453125 0.457763671875 0.4899088546875
11 0.525634765625 0.4915364578125 0.5498046875 0.4967447921875 0.557861328125 0.4925130203125 0.588623046875 0.4931640625 0.591064453125 0.4908854171875 0.593017578125 0.4840494796875 0.60009765625 0.4329427078125 0.601318359375 0.4111328125 0.595703125 0.4055989578125 0.588134765625 0.4029947921875 0.552490234375 0.3958333328125 0.533203125 0.390625 0.525634765625 0.3919270828125 0.5224609375 0.3951822921875 0.5205078125 0.4000651046875 0.518798828125 0.4150390625 0.513671875 0.4397786453125 0.509765625 0.46484375 0.509521484375 0.4772135421875 0.51025390625 0.4794921875 0.52001953125 0.4850260421875 0.525634765625 0.4915364578125
21 0.55029296875 0.5677083328125 0.55126953125 0.5699869796875 0.550537109375 0.5891927078125 0.551025390625 0.5960286453125 0.55419921875 0.6025390625 0.559814453125 0.6048177078125 0.631103515625 0.6067708328125 0.634033203125 0.6057942703125 0.637939453125 0.6022135421875 0.6416015625 0.5921223953125 0.641845703125 0.5833333328125 0.6357421875 0.5084635421875 0.6318359375 0.4990234375 0.62548828125 0.4957682296875 0.616455078125 0.4944661453125 0.59521484375 0.4938151046875 0.584716796875 0.4947916671875 0.56396484375 0.4928385421875 0.5537109375 0.4944661453125 0.55029296875 0.5 0.549072265625 0.5068359375 0.549072265625 0.5205078125 0.550537109375 0.5485026046875 0.55029296875 0.5677083328125
20 0.685302734375 0.5618489578125 0.6884765625 0.5699869796875 0.69580078125 0.5732421875 0.755859375 0.578125 0.76806640625 0.5771484375 0.77294921875 0.5716145828125 0.776611328125 0.564453125 0.777099609375 0.5537109375 0.767822265625 0.4869791671875 0.766357421875 0.4791666671875 0.763916015625 0.4733072921875 0.76123046875 0.4713541671875 0.7529296875 0.4697265625 0.693359375 0.4651692703125 0.68798828125 0.4658203125 0.68408203125 0.4703776046875 0.68408203125 0.4951171875 0.680908203125 0.5081380203125 0.680908203125 0.5152994796875 0.685302734375 0.5618489578125
10 0.87353515625 0.6373697921875 0.8798828125 0.6402994796875 0.883544921875 0.638671875 0.893798828125 0.6282552078125 0.929931640625 0.5794270828125 0.932861328125 0.5745442703125 0.93359375 0.5709635421875 0.933349609375 0.5670572921875 0.93017578125 0.5608723953125 0.91845703125 0.546875 0.873291015625 0.5 0.867431640625 0.4970703125 0.86279296875 0.498046875 0.856201171875 0.5048828125 0.82470703125 0.54296875 0.81689453125 0.5543619796875 0.814208984375 0.5602213546875 0.814453125 0.5677083328125 0.824462890625 0.5823567703125 0.869140625 0.6331380203125 0.87353515625 0.6373697921875
19 0.740966796875 0.7379557296875 0.7470703125 0.7389322921875 0.817626953125 0.7444661453125 0.824951171875 0.7425130203125 0.831787109375 0.7356770828125 0.833251953125 0.7307942703125 0.83349609375 0.7252604171875 0.82763671875 0.6783854171875 0.82080078125 0.6328125 0.81884765625 0.6259765625 0.816650390625 0.6227213546875 0.810546875 0.6201171875 0.79736328125 0.6184895828125 0.73779296875 0.6136067703125 0.732421875 0.6158854171875 0.729736328125 0.619140625 0.725830078125 0.6311848953125 0.732666015625 0.7236328125 0.733642578125 0.73046875 0.7373046875 0.7360026046875 0.740966796875 0.7379557296875