0 0.7275390625 0.3245442703125 0.744140625 0.361328125 0.747802734375 0.3636067703125 0.765869140625 0.3522135421875 0.79345703125 0.3317057296875 0.800048828125 0.3245442703125 0.80078125 0.3212890625 0.800537109375 0.3173828125 0.79443359375 0.3030598953125 0.773681640625 0.2613932296875 0.769287109375 0.2561848953125 0.762451171875 0.2574869796875 0.723876953125 0.28515625 0.716796875 0.2923177078125 0.714599609375 0.2975260421875 0.71435546875 0.3001302078125 0.716552734375 0.3079427078125 0.719482421875 0.3108723953125 0.7275390625 0.3245442703125
0 0.484130859375 0.54296875 0.490478515625 0.541015625 0.5263671875 0.4964192703125 0.52978515625 0.4892578125 0.52783203125 0.4811197921875 0.51904296875 0.4674479171875 0.494873046875 0.4352213546875 0.4912109375 0.4319661453125 0.48779296875 0.4313151046875 0.47998046875 0.4378255203125 0.448974609375 0.4768880203125 0.44580078125 0.482421875 0.44580078125 0.4879557296875 0.448486328125 0.4928385421875 0.480224609375 0.5393880203125 0.484130859375 0.54296875
1 0.80322265625 0.3177083328125 0.806884765625 0.3193359375 0.810546875 0.3190104171875 0.824951171875 0.3072916671875 0.85205078125 0.2828776046875 0.85791015625 0.2770182296875 0.859619140625 0.2734375 0.859619140625 0.2688802078125 0.85693359375 0.2613932296875 0.829345703125 0.21354166718749998 0.824951171875 0.20963541718749998 0.821044921875 0.2099609375 0.8046875 0.22265625 0.779541015625 0.24446614531250002 0.775146484375 0.2509765625 0.7734375 0.2552083328125 0.776611328125 0.265625 0.79931640625 0.3125 0.80322265625 0.3177083328125
1 0.78662109375 0.4567057296875 0.79150390625 0.4733072921875 0.79638671875 0.4794921875 0.806884765625 0.4775390625 0.83984375 0.4602864578125 0.852294921875 0.453125 0.85595703125 0.4495442703125 0.857177734375 0.4459635421875 0.855712890625 0.4378255203125 0.846435546875 0.4095052078125 0.8349609375 0.376953125 0.83154296875 0.3727213546875 0.82421875 0.3736979171875 0.77978515625 0.396484375 0.771240234375 0.4055989578125 0.77099609375 0.408203125 0.7744140625 0.4182942703125 0.7880859375 0.4488932296875 0.78662109375 0.4567057296875
1 0.736328125 0.4934895828125 0.74169921875 0.4912109375 0.75634765625 0.4768880203125 0.7841796875 0.4567057296875 0.786865234375 0.4527994796875 0.787109375 0.4485677078125 0.78369140625 0.4388020828125 0.761962890625 0.392578125 0.759033203125 0.3870442703125 0.755126953125 0.3828125 0.74951171875 0.3828125 0.744384765625 0.3854166671875 0.714111328125 0.4091796875 0.70703125 0.4134114578125 0.7021484375 0.4186197921875 0.698974609375 0.4241536453125 0.69970703125 0.4303385421875 0.725830078125 0.4879557296875 0.730712890625 0.4938151046875 0.736328125 0.4934895828125
1 0.643798828125 0.5234375 0.646728515625 0.5250651046875 0.652587890625 0.5237630203125 0.693603515625 0.4850260421875 0.697998046875 0.4775390625 0.697509765625 0.4723307296875 0.692626953125 0.462890625 0.66650390625 0.4173177078125 0.661865234375 0.4134114578125 0.65625 0.4140625 0.627685546875 0.4391276046875 0.615966796875 0.4518229171875 0.611328125 0.458984375 0.611328125 0.4635416671875 0.61572265625 0.474609375 0.64013671875 0.5185546875 0.643798828125 0.5234375
7 0.597412109375 0.4153645828125 0.60498046875 0.4290364578125 0.6162109375 0.4440104171875 0.619140625 0.4456380203125 0.62353515625 0.443359375 0.643310546875 0.4228515625 0.651611328125 0.4098307296875 0.658447265625 0.4033203125 0.663818359375 0.3948567703125 0.66552734375 0.3893229171875 0.66552734375 0.3863932296875 0.662353515625 0.3802083328125 0.65380859375 0.3697916671875 0.651123046875 0.3645833328125 0.627685546875 0.3343098953125 0.62353515625 0.3323567703125 0.615234375 0.3385416671875 0.583984375 0.376953125 0.579833984375 0.3837890625 0.5791015625 0.38671875 0.579833984375 0.390625 0.583251953125 0.3977864578125 0.597412109375 0.4153645828125
7 0.389892578125 0.380859375 0.4423828125 0.3837890625 0.4443359375 0.3818359375 0.44677734375 0.3662109375 0.449462890625 0.3219401046875 0.44873046875 0.3072916671875 0.447021484375 0.3046875 0.439453125 0.3017578125 0.393798828125 0.2991536453125 0.388916015625 0.3017578125 0.386962890625 0.306640625 0.38623046875 0.3125 0.3828125 0.3658854171875 0.383056640625 0.3743489578125 0.38525390625 0.37890625 0.389892578125 0.380859375
7 0.491455078125 0.4313151046875 0.494873046875 0.431640625 0.5009765625 0.4270833328125 0.532958984375 0.3994140625 0.537353515625 0.3938802078125 0.54052734375 0.3870442703125 0.5400390625 0.3802083328125 0.5380859375 0.3759765625 0.5205078125 0.3430989578125 0.51318359375 0.3268229171875 0.5087890625 0.322265625 0.50537109375 0.3225911453125 0.498046875 0.328125 0.463134765625 0.3583984375 0.459716796875 0.3636067703125 0.459716796875 0.3697916671875 0.463134765625 0.37890625 0.488037109375 0.4283854171875 0.491455078125 0.4313151046875
4 0.38916015625 0.4674479171875 0.42138671875 0.4684244796875 0.43896484375 0.46875 0.44287109375 0.4658203125 0.44482421875 0.4567057296875 0.44677734375 0.4085286453125 0.4462890625 0.3938802078125 0.444091796875 0.3857421875 0.44140625 0.3841145828125 0.432861328125 0.3831380203125 0.39013671875 0.3818359375 0.3857421875 0.3831380203125 0.383544921875 0.3870442703125 0.383056640625 0.3912760421875 0.379150390625 0.4560546875 0.3798828125 0.4599609375 0.3828125 0.4645182296875 0.38916015625 0.4674479171875
16 0.1787109375 0.3141276046875 0.18212890625 0.3108723953125 0.185546875 0.2998046875 0.197021484375 0.2591145828125 0.198974609375 0.2490234375 0.19873046875 0.24479166718749998 0.192626953125 0.2373046875 0.18701171875 0.234375 0.150146484375 0.22037760468749998 0.14306640625 0.2197265625 0.139892578125 0.2236328125 0.13720703125 0.23079427031250002 0.122802734375 0.2802734375 0.123046875 0.2890625 0.13330078125 0.296875 0.1728515625 0.3134765625 0.1787109375 0.3141276046875
9 0.35546875 0.5442708328125 0.359619140625 0.5445963546875 0.362548828125 0.54296875 0.369873046875 0.5328776046875 0.39404296875 0.494140625 0.39697265625 0.4876302078125 0.397216796875 0.4837239578125 0.3935546875 0.4762369796875 0.359130859375 0.4384765625 0.355224609375 0.4352213546875 0.351318359375 0.4342447921875 0.3486328125 0.4352213546875 0.344482421875 0.4397786453125 0.31298828125 0.4908854171875 0.3134765625 0.498046875 0.317626953125 0.5035807296875 0.349853515625 0.5397135421875 0.35546875 0.5442708328125
9 0.63232421875 0.6106770828125 0.661376953125 0.615234375 0.675537109375 0.6155598953125 0.68017578125 0.6126302078125 0.68212890625 0.6022135421875 0.6845703125 0.5442708328125 0.68408203125 0.5361328125 0.68212890625 0.53125 0.671630859375 0.5283203125 0.64208984375 0.525390625 0.624755859375 0.5244140625 0.62060546875 0.5257161453125 0.6181640625 0.5328776046875 0.6162109375 0.5670572921875 0.61474609375 0.6009114578125 0.615966796875 0.6057942703125 0.619384765625 0.6100260421875 0.63232421875 0.6106770828125
6 0.567626953125 0.4944661453125 0.5712890625 0.4947916671875 0.574951171875 0.4918619796875 0.578125 0.4847005203125 0.59716796875 0.4293619796875 0.5986328125 0.4222005203125 0.59814453125 0.4189453125 0.596923828125 0.4163411453125 0.5888671875 0.4098307296875 0.554443359375 0.3902994796875 0.546875 0.38671875 0.543212890625 0.3873697921875 0.54052734375 0.3896484375 0.53662109375 0.3974609375 0.51806640625 0.4527994796875 0.517333984375 0.4602864578125 0.519287109375 0.4638671875 0.563720703125 0.4921875 0.567626953125 0.4944661453125
15 0.5673828125 0.3955078125 0.57568359375 0.3883463546875 0.580810546875 0.37890625 0.609130859375 0.3450520828125 0.612060546875 0.3391927078125 0.611572265625 0.3349609375 0.60791015625 0.328125 0.58154296875 0.2926432296875 0.5712890625 0.2822265625 0.5673828125 0.2822265625 0.564208984375 0.28515625 0.5322265625 0.3258463546875 0.527587890625 0.3343098953125 0.527587890625 0.341796875 0.533935546875 0.3525390625 0.560791015625 0.390625 0.5673828125 0.3955078125
15 0.692626953125 0.4189453125 0.6982421875 0.4186197921875 0.736083984375 0.390625 0.74755859375 0.3802083328125 0.74755859375 0.3727213546875 0.74462890625 0.3645833328125 0.721435546875 0.3141276046875 0.717041015625 0.3102213546875 0.710693359375 0.3118489578125 0.66796875 0.341796875 0.664794921875 0.3453776046875 0.663330078125 0.3499348953125 0.66357421875 0.3561197921875 0.66748046875 0.3675130203125 0.688720703125 0.4150390625 0.692626953125 0.4189453125
1 0.739501953125 0.5836588546875 0.744384765625 0.5872395828125 0.751953125 0.5856119796875 0.798095703125 0.5572916671875 0.801513671875 0.5537109375 0.801025390625 0.5465494796875 0.79345703125 0.5250651046875 0.77587890625 0.4811197921875 0.772705078125 0.4775390625 0.76416015625 0.4794921875 0.72216796875 0.5048828125 0.717041015625 0.5081380203125 0.71337890625 0.513671875 0.71337890625 0.5172526046875 0.716064453125 0.5260416671875 0.736572265625 0.5791015625 0.739501953125 0.5836588546875
13 0.738037109375 0.685546875 0.742431640625 0.6829427078125 0.744873046875 0.6793619796875 0.769287109375 0.6246744796875 0.771728515625 0.6165364578125 0.771484375 0.6129557296875 0.765625 0.60546875 0.727783203125 0.5751953125 0.72021484375 0.5699869796875 0.716796875 0.5693359375 0.71337890625 0.5709635421875 0.709228515625 0.5774739578125 0.683837890625 0.6331380203125 0.682861328125 0.6383463546875 0.685546875 0.64453125 0.730712890625 0.6822916671875 0.738037109375 0.685546875
13 0.869384765625 0.6943359375 0.8740234375 0.6969401046875 0.883056640625 0.697265625 0.931396484375 0.6845703125 0.935791015625 0.6829427078125 0.938720703125 0.6787109375 0.938232421875 0.6656901046875 0.92919921875 0.6197916671875 0.925537109375 0.6022135421875 0.92236328125 0.5963541671875 0.916259765625 0.5953776046875 0.908203125 0.5966796875 0.862060546875 0.6083984375 0.85546875 0.6106770828125 0.853759765625 0.6126302078125 0.853271484375 0.6194661453125 0.862548828125 0.6715494796875 0.8662109375 0.6888020828125 0.869384765625 0.6943359375
13 0.57177734375 0.6748046875 0.574462890625 0.6754557296875 0.57763671875 0.673828125 0.59814453125 0.6572265625 0.621337890625 0.6370442703125 0.624755859375 0.630859375 0.62353515625 0.623046875 0.594482421875 0.564453125 0.592041015625 0.5615234375 0.588134765625 0.5615234375 0.583984375 0.5638020828125 0.542724609375 0.5983072921875 0.53955078125 0.6025390625 0.53857421875 0.6061197921875 0.54052734375 0.6126302078125 0.567626953125 0.6702473953125 0.57177734375 0.6748046875
12 0.529296875 0.6044921875 0.532470703125 0.60546875 0.536376953125 0.6038411453125 0.54248046875 0.5960286453125 0.57470703125 0.5543619796875 0.576416015625 0.5491536453125 0.574951171875 0.54296875 0.536376953125 0.4912109375 0.532470703125 0.4912109375 0.530029296875 0.4928385421875 0.52099609375 0.5029296875 0.500732421875 0.5279947921875 0.490478515625 0.5436197921875 0.489990234375 0.546875 0.490966796875 0.5501302078125 0.52197265625 0.5950520828125 0.529296875 0.6044921875
17 0.89990234375 0.5514322921875 0.904052734375 0.5530598953125 0.918212890625 0.5514322921875 0.963623046875 0.5413411453125 0.96728515625 0.5397135421875 0.968505859375 0.5377604171875 0.96923828125 0.5289713546875 0.95849609375 0.466796875 0.95654296875 0.4596354171875 0.953369140625 0.4563802078125 0.935546875 0.4580078125 0.898193359375 0.4661458328125 0.89111328125 0.46875 0.88623046875 0.4739583328125 0.88623046875 0.4817708328125 0.89404296875 0.529296875 0.897216796875 0.5462239578125 0.89990234375 0.5514322921875
20 0.80126953125 0.5462239578125 0.802734375 0.5602213546875 0.805908203125 0.5680338546875 0.81005859375 0.5716145828125 0.817626953125 0.5709635421875 0.83837890625 0.5589192703125 0.866455078125 0.5416666671875 0.8701171875 0.5361328125 0.869384765625 0.5299479171875 0.86572265625 0.5188802078125 0.8486328125 0.4755859375 0.841796875 0.462890625 0.838134765625 0.4625651046875 0.829833984375 0.4658203125 0.80029296875 0.4830729171875 0.78369140625 0.4947916671875 0.783447265625 0.4983723953125 0.785400390625 0.5042317703125 0.79541015625 0.5283203125 0.80126953125 0.5462239578125
18 0.505126953125 0.3170572921875 0.5078125 0.3190104171875 0.515380859375 0.3170572921875 0.546630859375 0.3017578125 0.558837890625 0.2913411453125 0.56298828125 0.2835286453125 0.546630859375 0.22591145781250002 0.54345703125 0.21809895781250002 0.541015625 0.21614583281250002 0.5361328125 0.21614583281250002 0.512939453125 0.22819010468749998 0.493896484375 0.236328125 0.488037109375 0.24055989531250002 0.486572265625 0.24381510468749998 0.48779296875 0.2545572921875 0.496337890625 0.2825520828125 0.501708984375 0.3082682296875 0.505126953125 0.3170572921875