5 0.3873697921875 0.4658203125 0.3929036453125 0.459716796875 0.4078776046875 0.407958984375 0.408203125 0.3974609375 0.4007161453125 0.393310546875 0.3587239578125 0.3857421875 0.3212890625 0.38037109375 0.3141276046875 0.3818359375 0.3095703125 0.3876953125 0.29296875 0.44287109375 0.2932942703125 0.44970703125 0.2972005203125 0.451904296875 0.3736979171875 0.465576171875 0.3873697921875 0.4658203125
21 0.5563151046875 0.52490234375 0.5631510421875 0.524658203125 0.5670572921875 0.5234375 0.5703125 0.51904296875 0.5716145828125 0.512939453125 0.578125 0.4697265625 0.5787760421875 0.458251953125 0.5758463546875 0.453125 0.5680338546875 0.451171875 0.5048828125 0.446044921875 0.4899088546875 0.445556640625 0.4850260421875 0.44677734375 0.4817708328125 0.45263671875 0.4733072921875 0.504638671875 0.4739583328125 0.51416015625 0.4768880203125 0.51708984375 0.48046875 0.51806640625 0.5563151046875 0.52490234375
21 0.21549479218749998 0.668701171875 0.22037760468749998 0.671630859375 0.22428385468749998 0.671630859375 0.23177083281250002 0.669189453125 0.2626953125 0.65478515625 0.2972005203125 0.637939453125 0.3024088546875 0.634521484375 0.3050130203125 0.63037109375 0.30078125 0.623046875 0.291015625 0.612060546875 0.2763671875 0.592041015625 0.2620442703125 0.57568359375 0.2555338546875 0.572509765625 0.24837239531250002 0.57275390625 0.244140625 0.57421875 0.177734375 0.605712890625 0.171875 0.61083984375 0.1712239578125 0.613037109375 0.1725260421875 0.6162109375 0.185546875 0.63330078125 0.21549479218749998 0.668701171875
20 0.6064453125 0.69482421875 0.6168619796875 0.69580078125 0.6204427078125 0.6943359375 0.6695963546875 0.651611328125 0.67578125 0.64453125 0.6761067703125 0.640380859375 0.6735026046875 0.63720703125 0.650390625 0.6201171875 0.609375 0.5947265625 0.6018880203125 0.593505859375 0.5797526046875 0.609375 0.5419921875 0.64453125 0.541015625 0.6474609375 0.5426432296875 0.65087890625 0.5501302078125 0.656494140625 0.6064453125 0.69482421875
20 0.3277994796875 0.643798828125 0.3343098953125 0.644287109375 0.3440755203125 0.641357421875 0.4078776046875 0.6181640625 0.4124348953125 0.6162109375 0.4156901046875 0.613037109375 0.4147135421875 0.605712890625 0.3837890625 0.555908203125 0.3766276046875 0.548828125 0.3720703125 0.548095703125 0.3665364578125 0.54931640625 0.2932942703125 0.5751953125 0.2893880203125 0.577392578125 0.2884114578125 0.579345703125 0.2884114578125 0.5849609375 0.2962239578125 0.598876953125 0.3209635421875 0.638427734375 0.3277994796875 0.643798828125
3 0.5182291671875 0.634033203125 0.5221354171875 0.63525390625 0.5325520828125 0.632568359375 0.572265625 0.611328125 0.5963541671875 0.595947265625 0.5983072921875 0.5927734375 0.59765625 0.588134765625 0.5921223953125 0.581787109375 0.5472005203125 0.537353515625 0.5406901046875 0.534912109375 0.5361328125 0.535888671875 0.515625 0.546875 0.470703125 0.572021484375 0.4661458328125 0.576416015625 0.4664713546875 0.581298828125 0.4694010421875 0.585205078125 0.5146484375 0.630859375 0.5182291671875 0.634033203125
14 0.13671875 0.585205078125 0.1474609375 0.58447265625 0.1995442703125 0.5703125 0.2236328125 0.562744140625 0.228515625 0.5595703125 0.228515625 0.553466796875 0.20377604218749998 0.501953125 0.1998697921875 0.4970703125 0.1936848953125 0.494384765625 0.1826171875 0.49462890625 0.1682942703125 0.49853515625 0.1090494796875 0.515380859375 0.1041666671875 0.51904296875 0.1051432296875 0.5283203125 0.1223958328125 0.564208984375 0.1315104171875 0.58154296875 0.13671875 0.585205078125
2 0.6119791671875 0.7744140625 0.6715494796875 0.776611328125 0.6959635421875 0.775634765625 0.7008463546875 0.773681640625 0.703125 0.769287109375 0.7037760421875 0.76318359375 0.7054036453125 0.71826171875 0.705078125 0.70703125 0.7037760421875 0.70361328125 0.7008463546875 0.701171875 0.6923828125 0.697998046875 0.6184895828125 0.696533203125 0.6057942703125 0.697509765625 0.603515625 0.702392578125 0.6009114578125 0.761962890625 0.6022135421875 0.76904296875 0.6057942703125 0.772705078125 0.6119791671875 0.7744140625
10 0.3776041671875 0.544677734375 0.3961588546875 0.546875 0.4029947921875 0.54638671875 0.4072265625 0.543701171875 0.4117838546875 0.53369140625 0.42578125 0.4912109375 0.4274088546875 0.480224609375 0.42578125 0.47802734375 0.4215494796875 0.475830078125 0.3870442703125 0.468505859375 0.3453776046875 0.461181640625 0.3349609375 0.46142578125 0.3304036453125 0.467041015625 0.3111979171875 0.5224609375 0.3108723953125 0.526611328125 0.3121744796875 0.529296875 0.3177083328125 0.5322265625 0.3776041671875 0.544677734375
10 0.4420572921875 0.890869140625 0.4563802078125 0.8896484375 0.4599609375 0.8857421875 0.4622395828125 0.8759765625 0.4697265625 0.826904296875 0.4700520828125 0.81884765625 0.46875 0.8134765625 0.462890625 0.81103515625 0.4430338546875 0.808837890625 0.3844401046875 0.804443359375 0.3753255203125 0.805419921875 0.373046875 0.80712890625 0.3694661453125 0.817138671875 0.3616536453125 0.86962890625 0.3606770828125 0.87646484375 0.3616536453125 0.880126953125 0.3665364578125 0.8837890625 0.4420572921875 0.890869140625
10 0.7236328125 0.47021484375 0.7272135421875 0.46923828125 0.7327473953125 0.46435546875 0.7373046875 0.4560546875 0.755859375 0.41162109375 0.7574869796875 0.406005859375 0.7565104171875 0.40087890625 0.7526041671875 0.3984375 0.7317708328125 0.39208984375 0.67578125 0.3798828125 0.66796875 0.3798828125 0.6634114578125 0.3828125 0.6608072921875 0.386962890625 0.6363932296875 0.442626953125 0.6363932296875 0.447021484375 0.6412760421875 0.451171875 0.7197265625 0.4697265625 0.7236328125 0.47021484375
7 0.5582682296875 0.117919921875 0.59375 0.126708984375 0.60546875 0.12890625 0.6090494796875 0.128173828125 0.6142578125 0.12353515625 0.6207682296875 0.109375 0.6383463546875 0.06787109375 0.6402994796875 0.06103515625 0.6393229171875 0.0576171875 0.63671875 0.055419921875 0.623046875 0.05126953125 0.5817057296875 0.041259765625 0.5608723953125 0.036865234375 0.5537109375 0.037353515625 0.5501302078125 0.039306640625 0.5465494796875 0.044189453125 0.5244140625 0.094970703125 0.5240885421875 0.100830078125 0.5257161453125 0.103271484375 0.5524088546875 0.10986328125 0.5582682296875 0.117919921875
7 0.4820963546875 0.175048828125 0.5107421875 0.182373046875 0.5221354171875 0.18408203125 0.5325520828125 0.1826171875 0.5354817703125 0.1787109375 0.5537109375 0.12646484375 0.5559895828125 0.11669921875 0.5546875 0.112060546875 0.5504557296875 0.109619140625 0.498046875 0.09912109375 0.4736328125 0.09521484375 0.466796875 0.095458984375 0.4632161453125 0.097412109375 0.4596354171875 0.103271484375 0.4417317703125 0.15380859375 0.4423828125 0.164794921875 0.44921875 0.169677734375 0.4697265625 0.173828125 0.4820963546875 0.175048828125
7 0.3984375 0.39208984375 0.4147135421875 0.3974609375 0.4456380203125 0.403564453125 0.4524739578125 0.4033203125 0.455078125 0.401123046875 0.4788411453125 0.341796875 0.478515625 0.336669921875 0.474609375 0.3330078125 0.4635416671875 0.328857421875 0.4114583328125 0.3173828125 0.3938802078125 0.315185546875 0.3876953125 0.315673828125 0.3821614578125 0.321044921875 0.3610026046875 0.37060546875 0.3600260421875 0.38037109375 0.361328125 0.383544921875 0.3658854171875 0.3857421875 0.3984375 0.39208984375
11 0.7229817703125 0.2353515625 0.7307942703125 0.2353515625 0.7373046875 0.230712890625 0.7418619796875 0.224365234375 0.7552083328125 0.1806640625 0.7578125 0.164794921875 0.7545572921875 0.161376953125 0.7200520828125 0.154052734375 0.6800130203125 0.14697265625 0.6682942703125 0.147216796875 0.6630859375 0.154052734375 0.6461588546875 0.206298828125 0.6461588546875 0.21337890625 0.6497395828125 0.21484375 0.708984375 0.232666015625 0.7229817703125 0.2353515625
11 0.5166015625 0.264404296875 0.521484375 0.26953125 0.5289713546875 0.269775390625 0.533203125 0.267333984375 0.5364583328125 0.2626953125 0.560546875 0.21728515625 0.5641276046875 0.208251953125 0.564453125 0.20263671875 0.5602213546875 0.198974609375 0.5537109375 0.1962890625 0.5416666671875 0.193603515625 0.5257161453125 0.18798828125 0.4850260421875 0.1767578125 0.4794921875 0.1767578125 0.4739583328125 0.180419921875 0.4700520828125 0.18603515625 0.4443359375 0.234619140625 0.4436848953125 0.23876953125 0.4459635421875 0.2421875 0.5065104171875 0.260009765625 0.5166015625 0.264404296875
11 0.6350911453125 0.37841796875 0.6438802078125 0.37841796875 0.6497395828125 0.37451171875 0.6546223953125 0.36572265625 0.6751302078125 0.31591796875 0.67578125 0.310791015625 0.6682942703125 0.305419921875 0.6507161453125 0.300537109375 0.5966796875 0.28857421875 0.5888671875 0.288818359375 0.5813802078125 0.293212890625 0.5569661453125 0.35107421875 0.5572916671875 0.357177734375 0.5638020828125 0.361083984375 0.6103515625 0.37158203125 0.6350911453125 0.37841796875
12 0.546875 0.4443359375 0.5641276046875 0.44775390625 0.5758463546875 0.44775390625 0.6090494796875 0.45263671875 0.6165364578125 0.453125 0.6197916671875 0.451904296875 0.6236979171875 0.448486328125 0.6272786453125 0.435791015625 0.6370442703125 0.390625 0.6376953125 0.383544921875 0.63671875 0.381591796875 0.630859375 0.378662109375 0.6083984375 0.37548828125 0.5537109375 0.369384765625 0.5432942703125 0.370361328125 0.5387369796875 0.376708984375 0.5266927078125 0.4326171875 0.5276692703125 0.440185546875 0.5296223953125 0.44189453125 0.5361328125 0.444091796875 0.546875 0.4443359375
12 0.6858723953125 0.30859375 0.6907552078125 0.304931640625 0.7112630203125 0.273193359375 0.7249348953125 0.24951171875 0.7255859375 0.244140625 0.7213541671875 0.23974609375 0.7086588546875 0.234619140625 0.6647135421875 0.22119140625 0.6484375 0.21484375 0.6422526046875 0.21484375 0.6373697921875 0.217041015625 0.6334635421875 0.2216796875 0.6028645828125 0.272705078125 0.6018880203125 0.27978515625 0.60546875 0.284423828125 0.6787109375 0.309326171875 0.6858723953125 0.30859375
8 0.4847005203125 0.333740234375 0.4876302078125 0.330078125 0.5182291671875 0.272705078125 0.5182291671875 0.26904296875 0.5139973953125 0.263916015625 0.498046875 0.258056640625 0.4703776046875 0.251220703125 0.4397786453125 0.2412109375 0.4303385421875 0.2412109375 0.4251302078125 0.24462890625 0.3948567703125 0.300048828125 0.3951822921875 0.306884765625 0.400390625 0.311279296875 0.4811197921875 0.33544921875 0.4847005203125 0.333740234375
8 0.79296875 0.57568359375 0.796875 0.575439453125 0.7994791671875 0.574462890625 0.8072916671874999 0.567626953125 0.8385416671874999 0.533203125 0.8492838546874999 0.518798828125 0.8453776046874999 0.513671875 0.810546875 0.49462890625 0.783203125 0.480224609375 0.7708333328125 0.476806640625 0.7652994796875 0.47802734375 0.7604166671875 0.481201171875 0.734375 0.5087890625 0.7298177078125 0.515380859375 0.71875 0.52587890625 0.7151692703125 0.53173828125 0.7158203125 0.5361328125 0.7307942703125 0.545166015625 0.7858072921875 0.573486328125 0.79296875 0.57568359375
8 0.701171875 0.54345703125 0.70703125 0.5419921875 0.7099609375 0.539306640625 0.7132161453125 0.52978515625 0.7233072921875 0.4794921875 0.7220052078125 0.4716796875 0.70703125 0.46826171875 0.6500651046875 0.46142578125 0.634765625 0.4599609375 0.626953125 0.46142578125 0.6233723953125 0.466552734375 0.6110026046875 0.52197265625 0.6116536453125 0.530029296875 0.6188151046875 0.533203125 0.6904296875 0.542724609375 0.701171875 0.54345703125
19 0.734375 0.63037109375 0.7399088546875 0.626708984375 0.7431640625 0.615966796875 0.7555338546875 0.5703125 0.7561848953125 0.56396484375 0.7542317703125 0.56005859375 0.7477213546875 0.557373046875 0.6956380203125 0.549560546875 0.6826171875 0.54638671875 0.6682942703125 0.54443359375 0.6595052078125 0.54541015625 0.6552734375 0.549560546875 0.6396484375 0.60400390625 0.6396484375 0.61181640625 0.6481119796875 0.61767578125 0.7177734375 0.629638671875 0.734375 0.63037109375
19 0.69140625 0.3818359375 0.6953125 0.383544921875 0.7099609375 0.386474609375 0.7307942703125 0.388671875 0.7757161453125 0.38916015625 0.7822265625 0.387939453125 0.7887369796875 0.384765625 0.7916666671875 0.38037109375 0.7939453125 0.353515625 0.7939453125 0.3203125 0.7926432296875 0.316650390625 0.7897135421875 0.314208984375 0.7486979171875 0.311767578125 0.7021484375 0.311279296875 0.6959635421875 0.314697265625 0.6923828125 0.3271484375 0.6927083328125 0.34423828125 0.6884765625 0.376220703125 0.6888020828125 0.3798828125 0.69140625 0.3818359375
9 0.4111328125 0.71337890625 0.4182942703125 0.71337890625 0.4892578125 0.700927734375 0.498046875 0.697998046875 0.5016276046875 0.694580078125 0.5016276046875 0.687255859375 0.4850260421875 0.6337890625 0.4814453125 0.626708984375 0.4788411453125 0.624755859375 0.4697265625 0.624267578125 0.4293619796875 0.63232421875 0.4147135421875 0.63427734375 0.392578125 0.63916015625 0.3860677078125 0.6435546875 0.3863932296875 0.6513671875 0.4039713546875 0.70654296875 0.4069010421875 0.7109375 0.4111328125 0.71337890625
19 0.5397135421875 0.785400390625 0.546875 0.78515625 0.5530598953125 0.783447265625 0.5559895828125 0.77978515625 0.5569661453125 0.776123046875 0.5582682296875 0.758544921875 0.5602213546875 0.716796875 0.5576171875 0.709716796875 0.5504557296875 0.706787109375 0.5315755203125 0.705810546875 0.4739583328125 0.705078125 0.4664713546875 0.70556640625 0.4635416671875 0.706787109375 0.4609375 0.708984375 0.4586588546875 0.717041015625 0.4563802078125 0.75537109375 0.4560546875 0.7763671875 0.4596354171875 0.781494140625 0.4638671875 0.782958984375 0.5397135421875 0.785400390625
12 0.3125 0.762939453125 0.3216145828125 0.763427734375 0.3805338546875 0.752197265625 0.3971354171875 0.747802734375 0.4039713546875 0.744140625 0.4052734375 0.737060546875 0.4013671875 0.722412109375 0.392578125 0.70068359375 0.3873697921875 0.682861328125 0.3844401046875 0.676025390625 0.380859375 0.673095703125 0.3746744796875 0.67236328125 0.3011067703125 0.6875 0.2897135421875 0.69140625 0.287109375 0.6943359375 0.2864583328125 0.699462890625 0.3037109375 0.75048828125 0.3072916671875 0.7587890625 0.3125 0.762939453125
12 0.7203776046875 0.716796875 0.787109375 0.735595703125 0.7962239578125 0.73779296875 0.8030598953125001 0.7373046875 0.8072916671874999 0.734375 0.8115234375 0.727294921875 0.8349609375 0.677490234375 0.8356119796874999 0.67138671875 0.83203125 0.66748046875 0.8235677078125001 0.664306640625 0.7483723953125 0.6435546875 0.7412109375 0.643798828125 0.7369791671875 0.6474609375 0.7307942703125 0.658935546875 0.708984375 0.7041015625 0.7086588546875 0.706787109375 0.7109375 0.71044921875 0.7154947921875 0.714599609375 0.7203776046875 0.716796875