7 0.4703776046875 0.36962890625 0.4749348953125 0.373779296875 0.4814453125 0.37451171875 0.5052083328125 0.371337890625 0.564453125 0.3505859375 0.5667317703125 0.348876953125 0.5657552078125 0.342529296875 0.5582682296875 0.328125 0.5413411453125 0.300048828125 0.5361328125 0.294921875 0.5257161453125 0.294189453125 0.4534505203125 0.305908203125 0.4482421875 0.30859375 0.4453125 0.312255859375 0.4453125 0.321044921875 0.4488932296875 0.329833984375 0.4615885421875 0.350341796875 0.4703776046875 0.36962890625
7 0.5852864578125 0.344482421875 0.59375 0.346923828125 0.6041666671875 0.354736328125 0.619140625 0.369140625 0.6227213546875 0.370849609375 0.685546875 0.34619140625 0.6901041671875 0.340576171875 0.693359375 0.3330078125 0.6923828125 0.328857421875 0.673828125 0.314208984375 0.6438802078125 0.29248046875 0.6341145828125 0.287841796875 0.6285807296875 0.2880859375 0.623046875 0.289794921875 0.5670572921875 0.314208984375 0.5634765625 0.316650390625 0.5602213546875 0.321533203125 0.560546875 0.32958984375 0.5699869796875 0.340087890625 0.578125 0.3447265625 0.5852864578125 0.344482421875
7 0.1673177078125 0.46875 0.1744791671875 0.4677734375 0.1800130203125 0.465087890625 0.24576822968749998 0.42236328125 0.2470703125 0.419921875 0.24576822968749998 0.414306640625 0.24251302031250002 0.41064453125 0.2060546875 0.383056640625 0.189453125 0.37255859375 0.1790364578125 0.36962890625 0.1686197921875 0.37255859375 0.109375 0.404052734375 0.1018880203125 0.4091796875 0.09895833281250001 0.413330078125 0.09993489531250001 0.418212890625 0.107421875 0.426025390625 0.1614583328125 0.467041015625 0.1673177078125 0.46875
10 0.8277994796874999 0.781005859375 0.833984375 0.78369140625 0.8395182296874999 0.7841796875 0.8486328125 0.782958984375 0.8561197921874999 0.778076171875 0.9117838546874999 0.72509765625 0.9153645828125001 0.71826171875 0.9127604171874999 0.71142578125 0.9010416671874999 0.70263671875 0.8421223953125001 0.66259765625 0.8251953125 0.65380859375 0.8170572921874999 0.6552734375 0.8076171875 0.6611328125 0.759765625 0.701416015625 0.74609375 0.71484375 0.7454427078125 0.718505859375 0.7467447921875 0.722900390625 0.7522786453125 0.7275390625 0.8277994796874999 0.781005859375
10 0.6155598953125 0.488525390625 0.6194661453125 0.49658203125 0.623046875 0.496337890625 0.6438802078125 0.4892578125 0.685546875 0.471923828125 0.6995442703125 0.465087890625 0.7037760421875 0.460205078125 0.703125 0.454345703125 0.6982421875 0.447998046875 0.6520182296875 0.404541015625 0.6448567703125 0.4013671875 0.6357421875 0.40234375 0.6302083328125 0.404052734375 0.5777994796875 0.423828125 0.5660807296875 0.4296875 0.5615234375 0.436279296875 0.5608723953125 0.43896484375 0.5667317703125 0.442626953125 0.5966796875 0.468505859375 0.6155598953125 0.488525390625
10 0.1901041671875 0.597412109375 0.1959635421875 0.59521484375 0.203125 0.589111328125 0.248046875 0.534912109375 0.24967447968749998 0.53125 0.24967447968749998 0.52587890625 0.24641927031250002 0.520751953125 0.24153645781250002 0.51708984375 0.22623697968749998 0.510986328125 0.1617838546875 0.490478515625 0.1539713546875 0.489501953125 0.1435546875 0.494873046875 0.09375 0.54833984375 0.09049479218749999 0.553955078125 0.09147135468749999 0.560546875 0.1051432296875 0.568115234375 0.1822916671875 0.5966796875 0.1901041671875 0.597412109375
5 0 0.477294921875 0.0432942703125 0.529296875 0.05208333281250001 0.536865234375 0.05696614531250001 0.53857421875 0.06412760468749999 0.53759765625 0.1214192703125 0.51220703125 0.1302083328125 0.5068359375 0.1500651046875 0.48779296875 0.1481119796875 0.483642578125 0.10546875 0.436279296875 0.1018880203125 0.43359375 0.09635416718749999 0.431884765625 0.08821614531250001 0.43310546875 0.07096354218749999 0.439453125 0.005859375 0.467041015625 0 0.47021484375 0 0.477294921875
3 0.4153645828125 0.571533203125 0.421875 0.576416015625 0.4293619796875 0.576416015625 0.4319661453125 0.575439453125 0.4358723953125 0.570068359375 0.4632161453125 0.56201171875 0.4908854171875 0.551513671875 0.5133463546875 0.541259765625 0.5182291671875 0.5361328125 0.5182291671875 0.529296875 0.5166015625 0.525146484375 0.5048828125 0.510498046875 0.4703776046875 0.472900390625 0.4622395828125 0.469482421875 0.4567057296875 0.469482421875 0.38671875 0.495361328125 0.3763020828125 0.5 0.3701171875 0.506103515625 0.3697916671875 0.512451171875 0.3723958328125 0.517578125 0.40234375 0.55322265625 0.4153645828125 0.571533203125
21 0.2552083328125 0.52392578125 0.2620442703125 0.52294921875 0.2692057296875 0.51953125 0.3277994796875 0.478759765625 0.3326822921875 0.47216796875 0.3313802078125 0.46337890625 0.3245442703125 0.457763671875 0.283203125 0.43212890625 0.2613932296875 0.420166015625 0.2552083328125 0.42041015625 0.24772135468749998 0.423095703125 0.1888020828125 0.46044921875 0.1806640625 0.46630859375 0.1796875 0.468505859375 0.1796875 0.473876953125 0.189453125 0.48388671875 0.24837239531250002 0.52099609375 0.2552083328125 0.52392578125
21 0.4908854171875 0.762451171875 0.5530598953125 0.7646484375 0.5677083328125 0.764892578125 0.5745442703125 0.764404296875 0.5777994796875 0.762939453125 0.5826822921875 0.7587890625 0.5852864578125 0.748291015625 0.5856119796875 0.67724609375 0.58203125 0.667236328125 0.5774739578125 0.6650390625 0.5706380203125 0.663818359375 0.4983723953125 0.660400390625 0.4703776046875 0.66064453125 0.4635416671875 0.662353515625 0.4609375 0.66455078125 0.4583333328125 0.678466796875 0.4524739578125 0.732666015625 0.4521484375 0.75244140625 0.4557291671875 0.7578125 0.4599609375 0.760009765625 0.4908854171875 0.762451171875
20 0.5813802078125 0.623779296875 0.5882161453125 0.62451171875 0.6585286453125 0.61083984375 0.6796875 0.604248046875 0.6865234375 0.59912109375 0.6875 0.596435546875 0.6865234375 0.5888671875 0.6695963546875 0.55517578125 0.6529947921875 0.52783203125 0.6474609375 0.5234375 0.6442057296875 0.522216796875 0.6337890625 0.521484375 0.6100260421875 0.52734375 0.5732421875 0.53369140625 0.5504557296875 0.53955078125 0.544921875 0.54248046875 0.5432942703125 0.54541015625 0.5436197921875 0.55029296875 0.5498046875 0.56005859375 0.578125 0.620849609375 0.5813802078125 0.623779296875
20 0.3349609375 0.716552734375 0.345703125 0.716796875 0.4205729171875 0.706787109375 0.4417317703125 0.703125 0.4495442703125 0.701171875 0.4527994796875 0.69921875 0.455078125 0.696044921875 0.4560546875 0.690673828125 0.4541015625 0.67626953125 0.4479166671875 0.657958984375 0.4381510421875 0.616455078125 0.435546875 0.61083984375 0.4319661453125 0.60791015625 0.4251302078125 0.607421875 0.4111328125 0.608642578125 0.3662109375 0.614501953125 0.3245442703125 0.621337890625 0.3173828125 0.6240234375 0.3151041671875 0.626220703125 0.314453125 0.636962890625 0.3264973953125 0.70556640625 0.3291015625 0.712158203125 0.3349609375 0.716552734375
9 0.3141276046875 0.623046875 0.3382161453125 0.61767578125 0.34765625 0.61376953125 0.4010416671875 0.5859375 0.4111328125 0.57861328125 0.4130859375 0.574462890625 0.4134114578125 0.571044921875 0.4111328125 0.567138671875 0.39453125 0.549072265625 0.359375 0.517333984375 0.3489583328125 0.51123046875 0.341796875 0.51171875 0.3212890625 0.5205078125 0.2884114578125 0.536376953125 0.2809244796875 0.541259765625 0.2613932296875 0.549560546875 0.2548828125 0.55615234375 0.2545572921875 0.560791015625 0.2584635421875 0.567138671875 0.302734375 0.61376953125 0.3141276046875 0.623046875
2 0.7005208328125 0.677734375 0.7093098953125 0.681640625 0.71484375 0.692626953125 0.7294921875 0.703125 0.7350260421875 0.705810546875 0.7395833328125 0.70654296875 0.7447916671875 0.70556640625 0.7545572921875 0.70068359375 0.8108723953125001 0.653564453125 0.8160807296874999 0.645263671875 0.8170572921874999 0.64013671875 0.8151041671874999 0.63720703125 0.8046875 0.630859375 0.7893880203125 0.618896484375 0.775390625 0.61083984375 0.748046875 0.591552734375 0.7340494796875 0.5849609375 0.7265625 0.583740234375 0.7239583328125 0.584228515625 0.7141927078125 0.590576171875 0.6767578125 0.619384765625 0.6588541671875 0.633544921875 0.6520182296875 0.642333984375 0.6526692703125 0.647705078125 0.6578776046875 0.6533203125 0.6888020828125 0.675048828125 0.7005208328125 0.677734375
12 0.5843098953125 0.76318359375 0.5852864578125 0.76904296875 0.5885416671875 0.77392578125 0.5921223953125 0.77587890625 0.6038411453125 0.777099609375 0.6985677078125 0.778076171875 0.7102864578125 0.777099609375 0.7164713546875 0.773681640625 0.71875 0.76904296875 0.7190755203125 0.7626953125 0.71484375 0.713623046875 0.7115885421875 0.689208984375 0.7067057296875 0.68115234375 0.703125 0.679443359375 0.6891276046875 0.677734375 0.59765625 0.67578125 0.591796875 0.6767578125 0.5888671875 0.6787109375 0.5869140625 0.681640625 0.5865885421875 0.688720703125 0.5885416671875 0.71435546875 0.5872395828125 0.7236328125 0.5875651046875 0.743896484375 0.5843098953125 0.76318359375
12 0.3349609375 0.469482421875 0.3411458328125 0.47802734375 0.3583984375 0.498046875 0.3662109375 0.5029296875 0.3697916671875 0.5029296875 0.4075520828125 0.486083984375 0.4547526046875 0.468994140625 0.4586588546875 0.4638671875 0.45703125 0.457275390625 0.453125 0.45166015625 0.4147135421875 0.411376953125 0.4098307296875 0.406982421875 0.404296875 0.40478515625 0.3942057296875 0.406005859375 0.3382161453125 0.42578125 0.3203125 0.433837890625 0.31640625 0.436279296875 0.3151041671875 0.438720703125 0.314453125 0.442626953125 0.3177083328125 0.44970703125 0.3326822921875 0.4638671875 0.3349609375 0.469482421875
12 0.5257161453125 0.3955078125 0.5572916671875 0.43115234375 0.560546875 0.4326171875 0.6393229171875 0.40087890625 0.6419270828125 0.397705078125 0.638671875 0.389404296875 0.6100260421875 0.361572265625 0.5940755203125 0.347900390625 0.5882161453125 0.345947265625 0.5751953125 0.3466796875 0.5110677078125 0.36962890625 0.5074869796875 0.373046875 0.5065104171875 0.376708984375 0.5084635421875 0.380126953125 0.5130208328125 0.3828125 0.5257161453125 0.3955078125
12 0.763671875 0.602783203125 0.7825520828125 0.613037109375 0.7958984375 0.623779296875 0.8170572921874999 0.63671875 0.8212890625 0.63671875 0.82421875 0.635498046875 0.8391927078125001 0.62353515625 0.8805338546874999 0.585693359375 0.8828125 0.58154296875 0.8828125 0.57763671875 0.8805338546874999 0.57421875 0.8662109375 0.56298828125 0.806640625 0.528076171875 0.7975260421875 0.525390625 0.7897135421875 0.52685546875 0.7760416671875 0.536376953125 0.7682291671875 0.543701171875 0.7399088546875 0.5654296875 0.7265625 0.578369140625 0.7252604171875 0.58154296875 0.7265625 0.58251953125 0.7408854171875 0.586669921875 0.763671875 0.602783203125
8 0.80078125 0.5244140625 0.80859375 0.527587890625 0.8160807296874999 0.532958984375 0.841796875 0.54638671875 0.8590494796874999 0.558349609375 0.869140625 0.56005859375 0.8834635421874999 0.55078125 0.921875 0.5087890625 0.9251302078125001 0.5048828125 0.9264322921874999 0.50048828125 0.92578125 0.497802734375 0.9215494796874999 0.494384765625 0.8818359375 0.473388671875 0.8473307296874999 0.45654296875 0.8421223953125001 0.455078125 0.8372395828125001 0.455078125 0.8319228515624999 0.4573566890625 0.8190104171874999 0.46875 0.7854817703125 0.5009765625 0.779296875 0.5087890625 0.779296875 0.51416015625 0.7861328125 0.51953125 0.794921875 0.5234375 0.80078125 0.5244140625
8 0.5208333328125 0.536865234375 0.5266927078125 0.5390625 0.5299479171875 0.539306640625 0.5364583328125 0.53759765625 0.607421875 0.509033203125 0.6136067703125 0.50537109375 0.6181640625 0.498291015625 0.6168619796875 0.49365234375 0.6119791671875 0.486572265625 0.5859375 0.45947265625 0.5706380203125 0.444580078125 0.55859375 0.437744140625 0.552734375 0.438232421875 0.5361328125 0.44384765625 0.4873046875 0.462158203125 0.4772135421875 0.46728515625 0.4729817703125 0.471923828125 0.4739583328125 0.476318359375 0.4921875 0.49462890625 0.5172526046875 0.523681640625 0.5208333328125 0.536865234375
8 0.3001302078125 0.440673828125 0.3115234375 0.436279296875 0.3668619796875 0.409423828125 0.3740234375 0.405029296875 0.3763020828125 0.401123046875 0.3763020828125 0.392822265625 0.3707682296875 0.384765625 0.3232421875 0.347412109375 0.3170572921875 0.344970703125 0.3102213546875 0.344970703125 0.2858072921875 0.354736328125 0.2392578125 0.37646484375 0.23307291718749998 0.381591796875 0.23372395781250002 0.38818359375 0.24446614531250002 0.401123046875 0.287109375 0.434326171875 0.3001302078125 0.440673828125
11 0.369140625 0.3818359375 0.375 0.3876953125 0.3785807296875 0.3935546875 0.3834635421875 0.3955078125 0.3902994796875 0.39453125 0.3974609375 0.391845703125 0.4501953125 0.366455078125 0.4567057296875 0.3623046875 0.4602864578125 0.355712890625 0.4583333328125 0.347900390625 0.4518229171875 0.341064453125 0.4111328125 0.309326171875 0.4075520828125 0.306884765625 0.4007161453125 0.3046875 0.3863932296875 0.308837890625 0.333984375 0.3310546875 0.3268229171875 0.3349609375 0.32421875 0.33935546875 0.32421875 0.34423828125 0.3277994796875 0.3505859375 0.3326822921875 0.353271484375 0.369140625 0.3818359375
11 0.4619140625 0.466064453125 0.466796875 0.46923828125 0.470703125 0.4697265625 0.490234375 0.460205078125 0.5533854171875 0.4375 0.5559895828125 0.434814453125 0.5563151046875 0.430908203125 0.5530598953125 0.425048828125 0.5266927078125 0.3974609375 0.5123697921875 0.3837890625 0.5048828125 0.378662109375 0.4944661453125 0.379150390625 0.4326171875 0.400634765625 0.4205729171875 0.406494140625 0.4173177078125 0.410400390625 0.4182942703125 0.414794921875 0.4384765625 0.434326171875 0.4586588546875 0.459228515625 0.4619140625 0.466064453125
11 0.66796875 0.417724609375 0.6783854171875 0.4287109375 0.6852213546875 0.432861328125 0.7024739578125 0.42333984375 0.7555338546875 0.4013671875 0.759765625 0.3974609375 0.7591145828125 0.394287109375 0.751953125 0.3857421875 0.7288411453125 0.3642578125 0.7252604171875 0.359375 0.7132161453125 0.348876953125 0.7067057296875 0.345458984375 0.6966145828125 0.345947265625 0.6809895828125 0.35009765625 0.6334635421875 0.366943359375 0.6272786453125 0.36962890625 0.6256510421875 0.37158203125 0.6259765625 0.37646484375 0.6396484375 0.388671875 0.6455078125 0.399169921875 0.66796875 0.417724609375
19 0.7242838546875 0.468017578125 0.7425130203125 0.482666015625 0.7506510421875 0.4912109375 0.7552083328125 0.493896484375 0.7587890625 0.494140625 0.7692057296875 0.490478515625 0.8098958328125001 0.471435546875 0.8251953125 0.461181640625 0.8294270828125001 0.45654296875 0.8284505203125001 0.44970703125 0.8216145828125001 0.44287109375 0.7828776046875 0.411376953125 0.771484375 0.40283203125 0.767578125 0.4013671875 0.7587890625 0.4013671875 0.7444661453125 0.40625 0.6949869796875 0.42822265625 0.6907552078125 0.4306640625 0.6881510421875 0.4345703125 0.6888020828125 0.4375 0.7008463546875 0.448486328125 0.7083333328125 0.4599609375 0.7242838546875 0.468017578125
19 0.6474609375 0.522216796875 0.6520182296875 0.525390625 0.6637369796875 0.5439453125 0.6774088546875 0.5576171875 0.6888020828125 0.56689453125 0.6953125 0.56884765625 0.69921875 0.568603515625 0.71484375 0.56201171875 0.7688802078125 0.534912109375 0.7770182296875 0.529052734375 0.7805989578125 0.5234375 0.7799479171875 0.51904296875 0.7770182296875 0.5146484375 0.755859375 0.49560546875 0.720703125 0.466552734375 0.7141927078125 0.4638671875 0.7024739578125 0.465087890625 0.6393229171875 0.493408203125 0.6331380203125 0.498046875 0.6285807296875 0.50634765625 0.6295572921875 0.51220703125 0.6328125 0.515380859375 0.6396484375 0.52001953125 0.6474609375 0.522216796875
19 0.466796875 0.65576171875 0.4772135421875 0.65576171875 0.5478515625 0.641357421875 0.572265625 0.63427734375 0.5768229171875 0.63037109375 0.5784505203125 0.6240234375 0.5768229171875 0.618896484375 0.5498046875 0.560302734375 0.54296875 0.552001953125 0.5377604171875 0.550537109375 0.5325520828125 0.550537109375 0.4524739578125 0.5654296875 0.4391276046875 0.56884765625 0.4339192703125 0.574462890625 0.4352213546875 0.5849609375 0.4560546875 0.639404296875 0.4609375 0.651123046875 0.466796875 0.65576171875