7 0.20263671875 0.431640625 0.20654296875 0.4309895828125 0.214111328125 0.4228515625 0.248291015625 0.3766276046875 0.251708984375 0.3704427078125 0.252197265625 0.3668619796875 0.2509765625 0.3603515625 0.247802734375 0.3541666671875 0.20703125 0.3089192703125 0.200439453125 0.3046875 0.195068359375 0.3059895828125 0.189208984375 0.3125 0.151123046875 0.361328125 0.14892578125 0.3655598953125 0.149658203125 0.373046875 0.154541015625 0.3798828125 0.1923828125 0.4225260421875 0.20263671875 0.431640625
7 0.342041015625 0.5992838546875 0.345703125 0.5979817703125 0.3486328125 0.5950520828125 0.3582355953125 0.57573795625 0.378173828125 0.5436197921875 0.385009765625 0.5296223953125 0.386474609375 0.521484375 0.385009765625 0.5172526046875 0.37744140625 0.5084635421875 0.349609375 0.4811197921875 0.334228515625 0.4690755203125 0.32958984375 0.4684244796875 0.325927734375 0.4700520828125 0.320556640625 0.4772135421875 0.292724609375 0.5227864578125 0.285400390625 0.5377604171875 0.285888671875 0.5465494796875 0.28955078125 0.5514322921875 0.32763671875 0.5875651046875 0.342041015625 0.5992838546875
7 0.429931640625 0.4368489578125 0.435302734375 0.4440104171875 0.44287109375 0.4449869796875 0.446533203125 0.4430338546875 0.4482421875 0.4384765625 0.484619140625 0.38671875 0.485595703125 0.3802083328125 0.455810546875 0.3414713546875 0.441162109375 0.328125 0.435546875 0.3255208328125 0.430419921875 0.328125 0.421142578125 0.3401692703125 0.395263671875 0.3766276046875 0.39111328125 0.3844401046875 0.391845703125 0.3916015625 0.39892578125 0.404296875 0.425048828125 0.4329427078125 0.429931640625 0.4368489578125
8 0.550048828125 0.21354166718749998 0.55712890625 0.2138671875 0.560546875 0.21256510468749998 0.564208984375 0.2060546875 0.56591796875 0.1943359375 0.56591796875 0.140625 0.564697265625 0.1318359375 0.560546875 0.1276041671875 0.55517578125 0.1263020828125 0.517822265625 0.1214192703125 0.505126953125 0.1214192703125 0.503173828125 0.1236979171875 0.500732421875 0.1331380203125 0.49951171875 0.1744791671875 0.4990234375 0.1982421875 0.499755859375 0.20345052031250002 0.50244140625 0.20670572968749998 0.550048828125 0.21354166718749998
8 0.384521484375 0.5159505203125 0.390380859375 0.5188802078125 0.394775390625 0.5152994796875 0.39892578125 0.5045572921875 0.4052734375 0.4938151046875 0.430419921875 0.4567057296875 0.43408203125 0.4456380203125 0.43017578125 0.4391276046875 0.389404296875 0.3968098953125 0.384521484375 0.3935546875 0.379638671875 0.3922526046875 0.373046875 0.3974609375 0.3349609375 0.4560546875 0.33544921875 0.4638671875 0.34033203125 0.4713541671875 0.361328125 0.490234375 0.384521484375 0.5159505203125
8 0.455322265625 0.568359375 0.49365234375 0.5052083328125 0.49365234375 0.5035807296875 0.492919921875 0.498046875 0.4912109375 0.4944661453125 0.474609375 0.4759114578125 0.44775390625 0.4485677078125 0.44287109375 0.4459635421875 0.438720703125 0.4459635421875 0.43505859375 0.44921875 0.4052734375 0.4957682296875 0.3974609375 0.5110677078125 0.398193359375 0.5188802078125 0.449462890625 0.5716145828125 0.451416015625 0.5716145828125 0.455322265625 0.568359375
20 0.505126953125 0.6354166671875 0.508544921875 0.6354166671875 0.511962890625 0.6328125 0.518798828125 0.6227213546875 0.54052734375 0.5817057296875 0.547119140625 0.5732421875 0.54931640625 0.5651041671875 0.54931640625 0.5602213546875 0.544677734375 0.5511067703125 0.515625 0.5224609375 0.5 0.5074869796875 0.494384765625 0.5061848953125 0.46630859375 0.55078125 0.458984375 0.5634765625 0.454345703125 0.5745442703125 0.45458984375 0.5813802078125 0.45703125 0.5852864578125 0.499755859375 0.6305338546875 0.505126953125 0.6354166671875
20 0.61181640625 0.2740885421875 0.61669921875 0.2897135421875 0.640380859375 0.3079427078125 0.644775390625 0.3095703125 0.6484375 0.3082682296875 0.65478515625 0.2965494796875 0.675537109375 0.2490234375 0.677978515625 0.240234375 0.67578125 0.234375 0.672119140625 0.23046875 0.63720703125 0.20279947968749998 0.626220703125 0.1966145828125 0.623046875 0.1975911453125 0.61962890625 0.203125 0.598876953125 0.24772135468749998 0.59619140625 0.2548828125 0.596435546875 0.2587890625 0.59912109375 0.2626953125 0.61181640625 0.2740885421875
21 0.55810546875 0.3251953125 0.574462890625 0.345703125 0.577880859375 0.3466796875 0.586669921875 0.3343098953125 0.613037109375 0.2897135421875 0.614013671875 0.287109375 0.614013671875 0.2805989578125 0.612060546875 0.2760416671875 0.601806640625 0.2666015625 0.58203125 0.24446614531250002 0.571044921875 0.23404947968749998 0.567626953125 0.23209635468749998 0.56396484375 0.23209635468749998 0.556396484375 0.24088541718749998 0.53271484375 0.27734375 0.527099609375 0.2900390625 0.526611328125 0.2958984375 0.52783203125 0.2991536453125 0.536376953125 0.302734375 0.55810546875 0.3251953125
21 0.6162109375 0.4345703125 0.619140625 0.4358723953125 0.623046875 0.4352213546875 0.627685546875 0.4296875 0.634033203125 0.4166666671875 0.6484375 0.3795572921875 0.652587890625 0.3671875 0.653076171875 0.3623046875 0.64990234375 0.3561197921875 0.63134765625 0.3414713546875 0.60546875 0.3232421875 0.59814453125 0.3203125 0.59375 0.3245442703125 0.58740234375 0.3365885421875 0.58544921875 0.34375 0.566650390625 0.3880208328125 0.56640625 0.3938802078125 0.567626953125 0.3974609375 0.57958984375 0.408203125 0.6162109375 0.4345703125
12 0.590576171875 0.5247395828125 0.594970703125 0.5244140625 0.599365234375 0.5185546875 0.60205078125 0.5087890625 0.61279296875 0.4501953125 0.61279296875 0.4423828125 0.6103515625 0.4375 0.606201171875 0.4348958328125 0.5576171875 0.4153645828125 0.55029296875 0.4143880203125 0.54736328125 0.4176432296875 0.545654296875 0.421875 0.5302734375 0.4905598953125 0.530517578125 0.4986979171875 0.537353515625 0.5048828125 0.571533203125 0.5198567703125 0.590576171875 0.5247395828125
12 0.44775390625 0.3323567703125 0.488037109375 0.3531901046875 0.49609375 0.3450520828125 0.499755859375 0.3372395828125 0.51416015625 0.2897135421875 0.51611328125 0.2757161453125 0.511474609375 0.2685546875 0.466796875 0.24381510468749998 0.46240234375 0.24251302031250002 0.455322265625 0.24381510468749998 0.452880859375 0.2470703125 0.43359375 0.3046875 0.432373046875 0.3138020828125 0.4326171875 0.3180338546875 0.4345703125 0.3229166671875 0.44775390625 0.3323567703125
12 0.282470703125 0.3430989578125 0.285888671875 0.3460286453125 0.293701171875 0.3444010421875 0.326416015625 0.3238932296875 0.3349609375 0.3199869796875 0.343017578125 0.310546875 0.345947265625 0.3040364578125 0.3447265625 0.296875 0.322998046875 0.244140625 0.318115234375 0.2333984375 0.31396484375 0.23014322968749998 0.307861328125 0.23111979218749998 0.27392578125 0.2503255203125 0.25830078125 0.2600911453125 0.253662109375 0.265625 0.25341796875 0.2692057296875 0.2548828125 0.2750651046875 0.272216796875 0.3193359375 0.282470703125 0.3430989578125
12 0.46240234375 0.7265625 0.467041015625 0.7275390625 0.47119140625 0.7236328125 0.501953125 0.6751302078125 0.5107421875 0.6595052078125 0.511962890625 0.6533203125 0.50927734375 0.6461588546875 0.50244140625 0.63671875 0.476318359375 0.6057942703125 0.46337890625 0.5921223953125 0.458740234375 0.5911458328125 0.45654296875 0.5914713546875 0.452392578125 0.595703125 0.41650390625 0.6494140625 0.412109375 0.658203125 0.411865234375 0.6653645828125 0.4150390625 0.6722005203125 0.456787109375 0.7216796875 0.46240234375 0.7265625
2 0.400146484375 0.6516927078125 0.404052734375 0.6536458328125 0.408203125 0.6536458328125 0.411865234375 0.6510416671875 0.4169921875 0.6435546875 0.436279296875 0.6100260421875 0.447265625 0.59375 0.451171875 0.5849609375 0.451904296875 0.5804036453125 0.45068359375 0.5745442703125 0.4365234375 0.5582682296875 0.404296875 0.525390625 0.40087890625 0.5224609375 0.3974609375 0.5221354171875 0.39404296875 0.5237630203125 0.385009765625 0.5354817703125 0.353759765625 0.5849609375 0.35107421875 0.591796875 0.35107421875 0.5947265625 0.355712890625 0.6028645828125 0.400146484375 0.6516927078125
3 0.588623046875 0.728515625 0.592529296875 0.7311197921875 0.651611328125 0.7288411453125 0.65771484375 0.7281901046875 0.66162109375 0.7252604171875 0.662841796875 0.7210286453125 0.662841796875 0.7115885421875 0.660888671875 0.6783854171875 0.657958984375 0.6393229171875 0.65576171875 0.6315104171875 0.65087890625 0.6279296875 0.591552734375 0.6292317703125 0.5859375 0.6324869796875 0.583251953125 0.6380208328125 0.582763671875 0.6474609375 0.585693359375 0.7135416671875 0.58642578125 0.7213541671875 0.588623046875 0.728515625
5 0.62158203125 0.591796875 0.623046875 0.5947265625 0.67724609375 0.6038411453125 0.685302734375 0.6025390625 0.689697265625 0.5989583328125 0.691650390625 0.5882161453125 0.6923828125 0.5302734375 0.691650390625 0.5159505203125 0.690185546875 0.5120442703125 0.685302734375 0.5091145828125 0.679443359375 0.5078125 0.63330078125 0.5006510421875 0.62646484375 0.501953125 0.6240234375 0.50390625 0.620849609375 0.5091145828125 0.61962890625 0.5169270828125 0.61962890625 0.5296223953125 0.623046875 0.5403645828125 0.621337890625 0.578125 0.62158203125 0.591796875
11 0.534423828125 0.4186197921875 0.54052734375 0.4195963546875 0.54345703125 0.4173177078125 0.552978515625 0.4000651046875 0.575439453125 0.3655598953125 0.578125 0.359375 0.578857421875 0.3541666671875 0.576171875 0.3483072921875 0.56005859375 0.328125 0.53955078125 0.3069661453125 0.533203125 0.3020833328125 0.52587890625 0.3017578125 0.493408203125 0.349609375 0.490234375 0.3551432296875 0.48876953125 0.3616536453125 0.48828125 0.3662109375 0.490234375 0.3707682296875 0.509765625 0.3938802078125 0.534423828125 0.4186197921875
11 0.451416015625 0.22916666718749998 0.45654296875 0.23958333281250002 0.4599609375 0.23990885468749998 0.484619140625 0.1959635421875 0.4912109375 0.177734375 0.491455078125 0.171875 0.489013671875 0.1663411453125 0.484375 0.1614583328125 0.44921875 0.1337890625 0.442626953125 0.1292317703125 0.43896484375 0.1282552078125 0.43603515625 0.1298828125 0.43212890625 0.134765625 0.40771484375 0.1787109375 0.404541015625 0.1861979171875 0.404296875 0.1923828125 0.40576171875 0.1940104171875 0.446533203125 0.22428385468749998 0.451416015625 0.22916666718749998
11 0.492919921875 0.4957682296875 0.49462890625 0.5013020828125 0.49853515625 0.5042317703125 0.501708984375 0.5032552078125 0.503662109375 0.5006510421875 0.5380859375 0.4485677078125 0.540771484375 0.4427083328125 0.54150390625 0.435546875 0.529296875 0.4166666671875 0.516845703125 0.4046223953125 0.501220703125 0.3863932296875 0.496337890625 0.3821614578125 0.490966796875 0.3815104171875 0.487548828125 0.3837890625 0.476806640625 0.3981119796875 0.45263671875 0.4329427078125 0.448486328125 0.4410807296875 0.448974609375 0.4459635421875 0.451904296875 0.451171875 0.48828125 0.4889322921875 0.492919921875 0.4957682296875
19 0.349609375 0.3561197921875 0.379150390625 0.3880208328125 0.383056640625 0.3909505203125 0.386962890625 0.3912760421875 0.38916015625 0.388671875 0.392578125 0.3792317703125 0.4248046875 0.33203125 0.426513671875 0.3277994796875 0.4267578125 0.3212890625 0.421875 0.3121744796875 0.39501953125 0.2854817703125 0.37939453125 0.2724609375 0.372802734375 0.2711588546875 0.369140625 0.2737630203125 0.359375 0.2864583328125 0.34814453125 0.3033854171875 0.345703125 0.3092447921875 0.3330078125 0.3274739578125 0.332763671875 0.3356119796875 0.333740234375 0.3404947921875 0.33642578125 0.3453776046875 0.349609375 0.3561197921875
19 0.375732421875 0.2692057296875 0.382080078125 0.2731119796875 0.417236328125 0.3053385421875 0.421630859375 0.3079427078125 0.42529296875 0.3046875 0.4443359375 0.2659505203125 0.451416015625 0.2490234375 0.4541015625 0.23763020781250002 0.451171875 0.23046875 0.4462890625 0.22591145781250002 0.4033203125 0.1940104171875 0.397216796875 0.193359375 0.390380859375 0.2021484375 0.3662109375 0.24869791718749998 0.3642578125 0.2548828125 0.364990234375 0.2646484375 0.3671875 0.26953125 0.3701171875 0.2708333328125 0.375732421875 0.2692057296875
19 0.734130859375 0.3492838546875 0.73779296875 0.3492838546875 0.744384765625 0.34375 0.7490234375 0.3352864578125 0.765625 0.2962239578125 0.76904296875 0.2867838546875 0.769287109375 0.2805989578125 0.762451171875 0.2721354171875 0.728271484375 0.24381510468749998 0.720458984375 0.23860677031250002 0.716796875 0.23860677031250002 0.712158203125 0.244140625 0.705810546875 0.2568359375 0.68603515625 0.3017578125 0.685546875 0.3072916671875 0.6884765625 0.3118489578125 0.728515625 0.3453776046875 0.734130859375 0.3492838546875
10 0.6142578125 0.6243489578125 0.6181640625 0.62109375 0.6201171875 0.6149088546875 0.621337890625 0.5953776046875 0.6220703125 0.5416666671875 0.621826171875 0.5358072921875 0.620361328125 0.5322265625 0.609375 0.5286458328125 0.557861328125 0.5211588546875 0.5546875 0.5224609375 0.55224609375 0.525390625 0.5498046875 0.537109375 0.546630859375 0.6090494796875 0.550537109375 0.6162109375 0.606201171875 0.6246744796875 0.6142578125 0.6243489578125
10 0.327880859375 0.45703125 0.331787109375 0.4576822921875 0.371826171875 0.3977864578125 0.37353515625 0.3938802078125 0.37353515625 0.3860677078125 0.369873046875 0.3779296875 0.346923828125 0.3557942703125 0.325439453125 0.3365885421875 0.321044921875 0.3336588546875 0.3173828125 0.3336588546875 0.312744140625 0.3372395828125 0.309326171875 0.3421223953125 0.275634765625 0.3958333328125 0.27587890625 0.4036458328125 0.28173828125 0.4127604171875 0.32421875 0.4537760421875 0.327880859375 0.45703125
10 0.6787109375 0.2080078125 0.6865234375 0.2099609375 0.723876953125 0.2041015625 0.73291015625 0.1998697921875 0.738037109375 0.1923828125 0.7392578125 0.1884765625 0.738525390625 0.1796875 0.727294921875 0.1321614578125 0.72412109375 0.1227213546875 0.72265625 0.1214192703125 0.71728515625 0.1201171875 0.675048828125 0.1256510421875 0.668701171875 0.1295572921875 0.666015625 0.1334635421875 0.663818359375 0.1402994796875 0.663330078125 0.1458333328125 0.664794921875 0.1555989578125 0.67529296875 0.1988932296875 0.6787109375 0.2080078125