13 0.1337890625 0.4326171875 0.136962890625 0.4293619796875 0.143310546875 0.4114583328125 0.157958984375 0.36328125 0.158447265625 0.3557942703125 0.154052734375 0.3473307296875 0.144775390625 0.341796875 0.107421875 0.3310546875 0.0966796875 0.3291015625 0.091796875 0.3297526046875 0.088134765625 0.3343098953125 0.085205078125 0.3414713546875 0.0654296875 0.3981119796875 0.065673828125 0.4075520828125 0.078125 0.4176432296875 0.119140625 0.4300130203125 0.1337890625 0.4326171875
17 0.81005859375 0.5784505203125 0.817626953125 0.578125 0.824462890625 0.5732421875 0.8271484375 0.5673828125 0.831298828125 0.5094401046875 0.8310546875 0.4908854171875 0.826904296875 0.4866536453125 0.81689453125 0.4820963546875 0.773193359375 0.4684244796875 0.76416015625 0.4690755203125 0.761474609375 0.4720052078125 0.75732421875 0.4811197921875 0.750732421875 0.5413411453125 0.750732421875 0.5546875 0.75146484375 0.5572916671875 0.755126953125 0.560546875 0.81005859375 0.5784505203125
17 0.433349609375 0.4807942703125 0.439697265625 0.4833984375 0.446044921875 0.4772135421875 0.477783203125 0.4309895828125 0.481201171875 0.4251302078125 0.481689453125 0.4156901046875 0.47998046875 0.4111328125 0.470703125 0.400390625 0.446044921875 0.3753255203125 0.435302734375 0.3658854171875 0.431396484375 0.3645833328125 0.42529296875 0.369140625 0.403076171875 0.3981119796875 0.389892578125 0.4166666671875 0.387451171875 0.4235026046875 0.3876953125 0.4287109375 0.390869140625 0.4358723953125 0.426513671875 0.4742838546875 0.433349609375 0.4807942703125
17 0.373291015625 0.73828125 0.379638671875 0.7405598953125 0.383544921875 0.740234375 0.386962890625 0.7353515625 0.4091796875 0.6578776046875 0.409912109375 0.6529947921875 0.4091796875 0.6448567703125 0.405517578125 0.6402994796875 0.3935546875 0.6334635421875 0.348876953125 0.6139322921875 0.341552734375 0.61328125 0.336669921875 0.6197916671875 0.331787109375 0.6334635421875 0.313720703125 0.6897786453125 0.311279296875 0.7001953125 0.31201171875 0.7067057296875 0.3134765625 0.7086588546875 0.321533203125 0.7135416671875 0.373291015625 0.73828125
0 0.2822265625 0.5927734375 0.291748046875 0.59765625 0.297119140625 0.5983072921875 0.300537109375 0.595703125 0.31396484375 0.5628255203125 0.328369140625 0.5247395828125 0.3291015625 0.5166015625 0.324462890625 0.5081380203125 0.31689453125 0.5029296875 0.2744140625 0.4798177078125 0.26513671875 0.4778645828125 0.26123046875 0.4811197921875 0.25634765625 0.4905598953125 0.236083984375 0.5393880203125 0.23095703125 0.5537109375 0.232177734375 0.5602213546875 0.234619140625 0.5641276046875 0.2822265625 0.5927734375
0 0.323974609375 0.4967447921875 0.3388671875 0.501953125 0.34228515625 0.501953125 0.345703125 0.4990234375 0.348876953125 0.4912109375 0.36767578125 0.4251302078125 0.364501953125 0.4163411453125 0.360107421875 0.4108072921875 0.32421875 0.3968098953125 0.307373046875 0.3919270828125 0.300537109375 0.3929036453125 0.296875 0.3977864578125 0.276123046875 0.4635416671875 0.276123046875 0.4720052078125 0.27783203125 0.4775390625 0.279541015625 0.4791666671875 0.323974609375 0.4967447921875
0 0.35693359375 0.40625 0.3642578125 0.4130859375 0.367919921875 0.4222005203125 0.372314453125 0.4248046875 0.376708984375 0.4228515625 0.39404296875 0.4075520828125 0.420654296875 0.373046875 0.42333984375 0.3665364578125 0.41552734375 0.3522135421875 0.3876953125 0.3131510421875 0.383544921875 0.3092447921875 0.381103515625 0.3089192703125 0.37646484375 0.3108723953125 0.357421875 0.3274739578125 0.334716796875 0.349609375 0.33056640625 0.3557942703125 0.330810546875 0.3629557296875 0.338134765625 0.3759765625 0.353759765625 0.3997395828125 0.35693359375 0.40625
0 0.50048828125 0.5885416671875 0.503173828125 0.5953776046875 0.5078125 0.5973307296875 0.517333984375 0.5963541671875 0.5634765625 0.587890625 0.56884765625 0.5856119796875 0.572509765625 0.5813802078125 0.57421875 0.5732421875 0.572021484375 0.560546875 0.571044921875 0.5462239578125 0.564697265625 0.5061848953125 0.561279296875 0.4934895828125 0.557373046875 0.4915364578125 0.551513671875 0.4915364578125 0.4990234375 0.5006510421875 0.49462890625 0.5026041671875 0.49267578125 0.5061848953125 0.4921875 0.5123697921875 0.494140625 0.5361328125 0.49609375 0.5465494796875 0.50048828125 0.5885416671875
7 0.230224609375 0.5139973953125 0.234130859375 0.513671875 0.240234375 0.5052083328125 0.24853515625 0.4850260421875 0.255615234375 0.4736328125 0.263671875 0.4544270828125 0.266845703125 0.4495442703125 0.26904296875 0.4427083328125 0.26904296875 0.4388020828125 0.266357421875 0.4306640625 0.261962890625 0.4261067703125 0.21923828125 0.4000651046875 0.20947265625 0.3961588546875 0.206298828125 0.3974609375 0.201416015625 0.404296875 0.1708984375 0.4671223953125 0.17138671875 0.4733072921875 0.17919921875 0.4807942703125 0.226806640625 0.5123697921875 0.230224609375 0.5139973953125
7 0.634033203125 0.7542317703125 0.6396484375 0.7522786453125 0.642822265625 0.7447916671875 0.64453125 0.7216796875 0.646728515625 0.6676432296875 0.646484375 0.6604817703125 0.64453125 0.654296875 0.640625 0.650390625 0.636962890625 0.6494140625 0.583740234375 0.6396484375 0.577880859375 0.6389973953125 0.573486328125 0.6402994796875 0.5703125 0.6438802078125 0.569580078125 0.6481119796875 0.564208984375 0.7200520828125 0.56396484375 0.736328125 0.568359375 0.7418619796875 0.623291015625 0.7529296875 0.634033203125 0.7542317703125
7 0.544921875 0.2900390625 0.549072265625 0.2932942703125 0.55712890625 0.2978515625 0.568359375 0.3017578125 0.5751953125 0.2955729171875 0.602294921875 0.2571614578125 0.605224609375 0.24381510468749998 0.602783203125 0.23763020781250002 0.59619140625 0.23046875 0.575927734375 0.212890625 0.566162109375 0.20247395781250002 0.556884765625 0.1975911453125 0.55078125 0.2021484375 0.529541015625 0.22981770781250002 0.521240234375 0.2412109375 0.51806640625 0.24934895781250002 0.518310546875 0.259765625 0.521484375 0.2662760421875 0.529052734375 0.2721354171875 0.544921875 0.2900390625
7 0.618408203125 0.212890625 0.626953125 0.212890625 0.63134765625 0.20768229218749998 0.63671875 0.20377604218749998 0.649169921875 0.20572916718749998 0.66357421875 0.2099609375 0.668212890625 0.20963541718749998 0.66943359375 0.20833333281250002 0.671630859375 0.19921875 0.671630859375 0.1888020828125 0.66943359375 0.1474609375 0.66845703125 0.1416015625 0.66650390625 0.1389973953125 0.654541015625 0.1354166671875 0.61279296875 0.1324869796875 0.609375 0.1357421875 0.608154296875 0.1393229171875 0.606689453125 0.1575520828125 0.60595703125 0.2001953125 0.606689453125 0.20638020781250002 0.609130859375 0.21028645781250002 0.618408203125 0.212890625
0 0.77197265625 0.4654947921875 0.815673828125 0.4495442703125 0.824462890625 0.4423828125 0.826416015625 0.4391276046875 0.8271484375 0.435546875 0.826416015625 0.431640625 0.819091796875 0.4078776046875 0.80517578125 0.3694661453125 0.800048828125 0.3626302078125 0.7919921875 0.3629557296875 0.76513671875 0.3707682296875 0.744873046875 0.3782552078125 0.73974609375 0.3837890625 0.7373046875 0.3919270828125 0.7373046875 0.3977864578125 0.757568359375 0.4596354171875 0.762451171875 0.4658203125 0.77197265625 0.4654947921875
9 0.71728515625 0.3857421875 0.723876953125 0.3863932296875 0.738037109375 0.3821614578125 0.746826171875 0.3763020828125 0.778564453125 0.3662109375 0.7822265625 0.3629557296875 0.779541015625 0.3489583328125 0.765625 0.3014322921875 0.762451171875 0.2936197921875 0.760498046875 0.2919921875 0.758544921875 0.291015625 0.748046875 0.2919921875 0.708984375 0.3001302078125 0.703125 0.3030598953125 0.699951171875 0.3069661453125 0.6982421875 0.3128255203125 0.69873046875 0.3216145828125 0.709716796875 0.3662109375 0.713623046875 0.3802083328125 0.71728515625 0.3857421875
9 0.502685546875 0.7145182296875 0.545654296875 0.7200520828125 0.557373046875 0.720703125 0.5625 0.7190755203125 0.564697265625 0.7132161453125 0.56591796875 0.6979166671875 0.568359375 0.642578125 0.568115234375 0.6282552078125 0.56689453125 0.623046875 0.5634765625 0.619140625 0.552490234375 0.6168619796875 0.504638671875 0.6106770828125 0.498046875 0.6106770828125 0.49609375 0.6119791671875 0.494140625 0.615234375 0.492919921875 0.6223958328125 0.48828125 0.6917317703125 0.488037109375 0.7057291671875 0.489013671875 0.7093098953125 0.491455078125 0.7119140625 0.502685546875 0.7145182296875
18 0.654052734375 0.7200520828125 0.65673828125 0.7311197921875 0.658447265625 0.7340494796875 0.660888671875 0.7356770828125 0.665283203125 0.7356770828125 0.684814453125 0.7327473953125 0.727783203125 0.7229817703125 0.730712890625 0.7220052078125 0.73291015625 0.7194010421875 0.734130859375 0.71484375 0.733154296875 0.7041015625 0.720703125 0.638671875 0.717529296875 0.626953125 0.71533203125 0.6236979171875 0.71337890625 0.6223958328125 0.70556640625 0.6220703125 0.651123046875 0.6324869796875 0.6474609375 0.6337890625 0.643310546875 0.6402994796875 0.642822265625 0.6477864578125 0.646484375 0.6552734375 0.647705078125 0.6608072921875 0.654052734375 0.7200520828125
18 0.430419921875 0.6162109375 0.45654296875 0.6341145828125 0.463623046875 0.634765625 0.46728515625 0.6298828125 0.48095703125 0.59765625 0.49560546875 0.5589192703125 0.49609375 0.5501302078125 0.492919921875 0.5455729171875 0.486083984375 0.5400390625 0.443359375 0.5110677078125 0.43505859375 0.5091145828125 0.42919921875 0.515625 0.400146484375 0.5813802078125 0.400634765625 0.591796875 0.406982421875 0.5992838546875 0.421630859375 0.6083984375 0.430419921875 0.6162109375
18 0.562255859375 0.3948567703125 0.569091796875 0.3951822921875 0.572509765625 0.3902994796875 0.58642578125 0.3391927078125 0.590087890625 0.3245442703125 0.589599609375 0.3141276046875 0.581787109375 0.3089192703125 0.541015625 0.291015625 0.534423828125 0.2890625 0.529541015625 0.2900390625 0.526611328125 0.2932942703125 0.525634765625 0.2962239578125 0.511962890625 0.341796875 0.50830078125 0.3603515625 0.50830078125 0.3665364578125 0.509521484375 0.369140625 0.515869140625 0.3740234375 0.562255859375 0.3948567703125
11 0.602294921875 0.4401041671875 0.61279296875 0.4440104171875 0.620849609375 0.4449869796875 0.633544921875 0.4436848953125 0.640625 0.4215494796875 0.651611328125 0.3798828125 0.651611328125 0.3694661453125 0.64892578125 0.3658854171875 0.64404296875 0.3626302078125 0.610595703125 0.3473307296875 0.59521484375 0.3408203125 0.588623046875 0.3411458328125 0.5869140625 0.34375 0.580810546875 0.3626302078125 0.56787109375 0.4114583328125 0.568359375 0.4215494796875 0.57275390625 0.42578125 0.5830078125 0.4293619796875 0.602294921875 0.4401041671875
4 0.46826171875 0.3001302078125 0.470703125 0.3001302078125 0.47412109375 0.2975260421875 0.49951171875 0.26953125 0.509765625 0.2568359375 0.51318359375 0.24674479218749998 0.512939453125 0.23990885468749998 0.509521484375 0.23372395781250002 0.48388671875 0.20442708281250002 0.475830078125 0.1959635421875 0.4716796875 0.1936848953125 0.465576171875 0.1943359375 0.453369140625 0.205078125 0.429931640625 0.22916666718749998 0.42578125 0.2373046875 0.42578125 0.2451171875 0.4287109375 0.2548828125 0.462890625 0.296875 0.46826171875 0.3001302078125
4 0.84228515625 0.5309244796875 0.849853515625 0.54296875 0.86181640625 0.568359375 0.8662109375 0.572265625 0.8701171875 0.5719401046875 0.877197265625 0.5677083328125 0.921875 0.5367838546875 0.926025390625 0.5322265625 0.92626953125 0.525390625 0.919677734375 0.5100911453125 0.8916015625 0.4583333328125 0.887939453125 0.455078125 0.88330078125 0.455078125 0.863525390625 0.4664713546875 0.841796875 0.4807942703125 0.832763671875 0.4892578125 0.83203125 0.4912109375 0.83251953125 0.5042317703125 0.833984375 0.5123697921875 0.84228515625 0.5309244796875
4 0.265380859375 0.72265625 0.26904296875 0.72265625 0.272705078125 0.7184244796875 0.30126953125 0.6500651046875 0.30419921875 0.6409505203125 0.304443359375 0.6344401046875 0.301513671875 0.6285807296875 0.288818359375 0.619140625 0.247802734375 0.59375 0.2412109375 0.5914713546875 0.237548828125 0.5921223953125 0.23388671875 0.5970052078125 0.230712890625 0.60546875 0.22607421875 0.61328125 0.201416015625 0.6708984375 0.201171875 0.6793619796875 0.206298828125 0.6858723953125 0.2548828125 0.7171223953125 0.265380859375 0.72265625
20 0.848876953125 0.7486979171875 0.85205078125 0.7503255203125 0.85791015625 0.7503255203125 0.9013671875 0.7444661453125 0.919921875 0.7412109375 0.924560546875 0.7373046875 0.925048828125 0.7272135421875 0.918212890625 0.693359375 0.907958984375 0.6481119796875 0.904541015625 0.642578125 0.9013671875 0.6409505203125 0.89501953125 0.6409505203125 0.844482421875 0.6471354171875 0.8359375 0.6500651046875 0.831298828125 0.6559244796875 0.830810546875 0.6617838546875 0.8349609375 0.6875 0.844970703125 0.7395833328125 0.848876953125 0.7486979171875
19 0.58349609375 0.5485026046875 0.593017578125 0.548828125 0.639892578125 0.5393880203125 0.64599609375 0.537109375 0.651123046875 0.5322265625 0.65283203125 0.5227864578125 0.65087890625 0.5091145828125 0.640869140625 0.4586588546875 0.636962890625 0.4469401046875 0.633544921875 0.4449869796875 0.625 0.4456380203125 0.58154296875 0.4541015625 0.5712890625 0.4583333328125 0.568603515625 0.4632161453125 0.571044921875 0.4866536453125 0.578125 0.5322265625 0.58056640625 0.5436197921875 0.58349609375 0.5485026046875
18 0.192626953125 0.6311848953125 0.196044921875 0.62890625 0.19970703125 0.6223958328125 0.2216796875 0.5569661453125 0.22314453125 0.5511067703125 0.22216796875 0.5423177078125 0.21826171875 0.5361328125 0.211181640625 0.5319010421875 0.16552734375 0.5133463546875 0.154052734375 0.51171875 0.150634765625 0.5149739578125 0.146484375 0.5250651046875 0.128173828125 0.5751953125 0.12353515625 0.5914713546875 0.12353515625 0.5986328125 0.126953125 0.603515625 0.189208984375 0.630859375 0.192626953125 0.6311848953125
12 0.649169921875 0.3649088546875 0.6513671875 0.3675130203125 0.6533203125 0.3766276046875 0.65771484375 0.3802083328125 0.6640625 0.3821614578125 0.671875 0.3815104171875 0.676513671875 0.373046875 0.6826171875 0.3522135421875 0.6923828125 0.3108723953125 0.692626953125 0.3069661453125 0.69140625 0.3037109375 0.668212890625 0.2900390625 0.636962890625 0.27734375 0.630126953125 0.279296875 0.626708984375 0.2867838546875 0.6103515625 0.3421223953125 0.6103515625 0.3453776046875 0.6201171875 0.3515625 0.649169921875 0.3649088546875
6 0.429443359375 0.2255859375 0.435791015625 0.2216796875 0.446044921875 0.2099609375 0.4638671875 0.1946614578125 0.470458984375 0.1923828125 0.477294921875 0.1946614578125 0.47802734375 0.1927083328125 0.478759765625 0.1852213546875 0.476806640625 0.1751302078125 0.453125 0.1295572921875 0.449462890625 0.1259765625 0.44287109375 0.1272786453125 0.425048828125 0.1363932296875 0.3974609375 0.1533203125 0.395751953125 0.1565755203125 0.3974609375 0.1722005203125 0.4208984375 0.22135416718749998 0.425048828125 0.2255859375 0.429443359375 0.2255859375
16 0.62939453125 0.2796223953125 0.632080078125 0.2776692703125 0.637939453125 0.2766927078125 0.66552734375 0.2877604171875 0.678466796875 0.294921875 0.683837890625 0.2952473953125 0.68701171875 0.2877604171875 0.689208984375 0.2757161453125 0.693603515625 0.23665364531250002 0.693603515625 0.22330729218749998 0.688720703125 0.21875 0.675048828125 0.21549479218749998 0.66796875 0.21223958281250002 0.639892578125 0.20475260468749998 0.633544921875 0.2060546875 0.631103515625 0.20963541718749998 0.63037109375 0.212890625 0.62890625 0.22721354218749998 0.621337890625 0.2721354171875 0.62109375 0.2796223953125 0.623046875 0.283203125 0.626708984375 0.2841796875 0.62939453125 0.2796223953125