21 0.40087890625 0.890625 0.407958984375 0.8899739578125001 0.418701171875 0.880859375 0.463134765625 0.8349609375 0.467529296875 0.8245442703125001 0.466796875 0.8190104171874999 0.46435546875 0.8131510421874999 0.441162109375 0.7692057296875 0.436279296875 0.7574869796875 0.4287109375 0.7444661453125 0.423583984375 0.7405598953125 0.4208984375 0.7405598953125 0.4150390625 0.744140625 0.3720703125 0.7861328125 0.362548828125 0.7962239578125 0.359375 0.8017578125 0.35888671875 0.8076171875 0.360595703125 0.8128255203125001 0.394775390625 0.880859375 0.40087890625 0.890625
4 0.44970703125 0.7620442703125 0.453125 0.7633463546875 0.4609375 0.7565104171875 0.466796875 0.748046875 0.499267578125 0.6904296875 0.5009765625 0.6813151046875 0.4990234375 0.6754557296875 0.489990234375 0.6647135421875 0.453857421875 0.6276041671875 0.44580078125 0.6220703125 0.442626953125 0.6227213546875 0.437255859375 0.6285807296875 0.40283203125 0.6826171875 0.396728515625 0.6956380203125 0.396484375 0.7024739578125 0.40087890625 0.7099609375 0.44189453125 0.7545572921875 0.44970703125 0.7620442703125
13 0.54345703125 0.7848307296875 0.546875 0.78515625 0.550537109375 0.783203125 0.59130859375 0.7412109375 0.602294921875 0.7291666671875 0.605224609375 0.7239583328125 0.604248046875 0.7151692703125 0.6025390625 0.7106119796875 0.564453125 0.6458333328125 0.560791015625 0.6429036453125 0.55712890625 0.6429036453125 0.552001953125 0.646484375 0.516357421875 0.6806640625 0.50341796875 0.6940104171875 0.50048828125 0.6988932296875 0.500244140625 0.7067057296875 0.50146484375 0.7102864578125 0.539306640625 0.78125 0.54345703125 0.7848307296875
13 0.33837890625 0.3287760421875 0.342041015625 0.3352864578125 0.34619140625 0.3362630203125 0.35546875 0.3326822921875 0.3974609375 0.3108723953125 0.400390625 0.3072916671875 0.40087890625 0.2998046875 0.398193359375 0.2897135421875 0.380615234375 0.24251302031250002 0.376708984375 0.23697916718749998 0.373046875 0.23665364531250002 0.3291015625 0.2574869796875 0.322509765625 0.26171875 0.3203125 0.265625 0.31982421875 0.2727864578125 0.321533203125 0.2796223953125 0.332275390625 0.3125 0.33837890625 0.3287760421875
13 0.466552734375 0.294921875 0.470703125 0.2945963546875 0.474853515625 0.2913411453125 0.48486328125 0.27734375 0.49658203125 0.26953125 0.5029296875 0.2633463546875 0.509521484375 0.2548828125 0.512451171875 0.24641927031250002 0.511962890625 0.2373046875 0.508544921875 0.2314453125 0.48388671875 0.20279947968749998 0.47705078125 0.1959635421875 0.47119140625 0.1936848953125 0.458251953125 0.203125 0.43212890625 0.22916666718749998 0.427978515625 0.23828125 0.427490234375 0.2451171875 0.431884765625 0.25390625 0.460205078125 0.2887369796875 0.466552734375 0.294921875
7 0.54296875 0.1897786453125 0.54736328125 0.1904296875 0.552001953125 0.1868489578125 0.578369140625 0.150390625 0.580810546875 0.1438802078125 0.58154296875 0.1334635421875 0.578369140625 0.1282552078125 0.567626953125 0.1194661453125 0.54296875 0.1015625 0.5361328125 0.09993489531250001 0.529296875 0.1057942703125 0.507568359375 0.1334635421875 0.504150390625 0.1389973953125 0.50146484375 0.1477864578125 0.501708984375 0.1539713546875 0.50537109375 0.1591796875 0.536865234375 0.185546875 0.54296875 0.1897786453125
7 0.14990234375 0.3362630203125 0.195068359375 0.3365885421875 0.20654296875 0.3352864578125 0.2099609375 0.3313802078125 0.210693359375 0.3277994796875 0.217529296875 0.2760416671875 0.217529296875 0.2698567703125 0.21630859375 0.2652994796875 0.21337890625 0.2584635421875 0.20703125 0.2555338546875 0.16552734375 0.255859375 0.154541015625 0.2571614578125 0.153076171875 0.2584635421875 0.15087890625 0.2652994796875 0.14208984375 0.3118489578125 0.1416015625 0.3229166671875 0.142578125 0.3277994796875 0.144287109375 0.3317057296875 0.14990234375 0.3362630203125
7 0.593505859375 0.3336588546875 0.597900390625 0.3365885421875 0.601806640625 0.341796875 0.604248046875 0.34765625 0.610595703125 0.3544921875 0.61474609375 0.3626302078125 0.623291015625 0.3736979171875 0.626708984375 0.373046875 0.66455078125 0.341796875 0.66845703125 0.3352864578125 0.670166015625 0.328125 0.669677734375 0.3219401046875 0.668212890625 0.318359375 0.6337890625 0.2701822921875 0.62646484375 0.2711588546875 0.619140625 0.2757161453125 0.603515625 0.2897135421875 0.58837890625 0.30078125 0.58251953125 0.3072916671875 0.580322265625 0.3138020828125 0.58056640625 0.3206380203125 0.5849609375 0.3287760421875 0.588623046875 0.3326822921875 0.593505859375 0.3336588546875
7 0.685302734375 0.6650390625 0.69677734375 0.6643880203125 0.748291015625 0.654296875 0.75537109375 0.6494140625 0.758544921875 0.6438802078125 0.758544921875 0.6360677078125 0.744140625 0.5677083328125 0.7412109375 0.5579427078125 0.73828125 0.5546875 0.734130859375 0.5537109375 0.6767578125 0.5638020828125 0.671875 0.5660807296875 0.6669921875 0.5738932296875 0.66748046875 0.5875651046875 0.677978515625 0.6490885421875 0.6806640625 0.6578776046875 0.685302734375 0.6650390625
1 0.55810546875 0.58550358125 0.560546875 0.6057942703125 0.566162109375 0.6302083328125 0.567626953125 0.6337890625 0.570068359375 0.6360677078125 0.578369140625 0.6360677078125 0.615234375 0.6253255203125 0.626953125 0.6233723953125 0.634765625 0.6194661453125 0.639404296875 0.6136067703125 0.640625 0.6057942703125 0.635498046875 0.5817057296875 0.623779296875 0.5315755203125 0.619873046875 0.5260416671875 0.61669921875 0.5247395828125 0.60888671875 0.5260416671875 0.5712890625 0.5361328125 0.556884765625 0.541015625 0.552001953125 0.5472005203125 0.55078125 0.5501302078125 0.551025390625 0.5533854171875 0.553955078125 0.5703125 0.55810546875 0.58550358125
1 0.578125 0.4459635421875 0.581298828125 0.4449869796875 0.5888671875 0.4391276046875 0.623046875 0.4098307296875 0.630126953125 0.4000651046875 0.63134765625 0.3942057296875 0.630615234375 0.3893229171875 0.6279296875 0.3834635421875 0.61767578125 0.3688151046875 0.61279296875 0.3590494796875 0.595458984375 0.3346354171875 0.591796875 0.3330078125 0.587890625 0.3343098953125 0.54443359375 0.3694661453125 0.540283203125 0.3766276046875 0.53955078125 0.3802083328125 0.539306640625 0.3837890625 0.543212890625 0.3932291671875 0.573974609375 0.4427083328125 0.578125 0.4459635421875
1 0.672607421875 0.3317057296875 0.67529296875 0.3375651046875 0.681640625 0.3483072921875 0.702880859375 0.3772786453125 0.706787109375 0.3776041671875 0.709716796875 0.3759765625 0.74267578125 0.3486328125 0.75341796875 0.3382161453125 0.755615234375 0.3284505203125 0.7529296875 0.3170572921875 0.73486328125 0.2972005203125 0.7314453125 0.2897135421875 0.72216796875 0.2766927078125 0.718505859375 0.2731119796875 0.713623046875 0.2708333328125 0.7099609375 0.2718098953125 0.67724609375 0.2991536453125 0.67138671875 0.3046875 0.667236328125 0.3118489578125 0.6669921875 0.3141276046875 0.6708984375 0.3206380203125 0.672607421875 0.3271484375 0.672607421875 0.3317057296875
19 0.62353515625 0.5270182296875 0.630126953125 0.5296223953125 0.681396484375 0.5397135421875 0.68603515625 0.5390625 0.689208984375 0.5361328125 0.692626953125 0.529296875 0.6943359375 0.5192057296875 0.697021484375 0.4625651046875 0.69677734375 0.4527994796875 0.695068359375 0.4495442703125 0.683349609375 0.4449869796875 0.633544921875 0.4361979171875 0.6279296875 0.4391276046875 0.624267578125 0.4527994796875 0.618408203125 0.5113932296875 0.618408203125 0.51953125 0.61962890625 0.5231119796875 0.62353515625 0.5270182296875
19 0.297607421875 0.6477864578125 0.30078125 0.6461588546875 0.3046875 0.6402994796875 0.33154296875 0.58203125 0.334228515625 0.5738932296875 0.3349609375 0.5670572921875 0.3310546875 0.5572916671875 0.29833984375 0.5358072921875 0.27587890625 0.5234375 0.27197265625 0.525390625 0.268798828125 0.5296223953125 0.236083984375 0.5963541671875 0.23583984375 0.6051432296875 0.238037109375 0.609375 0.287353515625 0.6438802078125 0.297607421875 0.6477864578125
19 0.570556640625 0.275390625 0.5732421875 0.2799479171875 0.580322265625 0.28125 0.6103515625 0.2796223953125 0.614990234375 0.2779947921875 0.625244140625 0.2708333328125 0.633544921875 0.2688802078125 0.635009765625 0.2662760421875 0.635986328125 0.2626953125 0.635498046875 0.2513020828125 0.630859375 0.20930989531250002 0.630126953125 0.205078125 0.628173828125 0.20182291718749998 0.623046875 0.1998697921875 0.607177734375 0.1995442703125 0.576416015625 0.20149739531250002 0.571044921875 0.20279947968749998 0.56787109375 0.21028645781250002 0.566650390625 0.21647135468749998 0.566650390625 0.22493489531250002 0.568603515625 0.2581380203125 0.570556640625 0.275390625
17 0.50830078125 0.3544921875 0.5126953125 0.3548177078125 0.517578125 0.3528645828125 0.557373046875 0.3287760421875 0.56201171875 0.32421875 0.564208984375 0.3177083328125 0.564453125 0.3102213546875 0.56103515625 0.3001302078125 0.5361328125 0.2535807296875 0.532470703125 0.2526041671875 0.5283203125 0.25390625 0.497314453125 0.2708333328125 0.486572265625 0.2783203125 0.47998046875 0.2874348953125 0.479736328125 0.2962239578125 0.484130859375 0.3079427078125 0.5048828125 0.3509114578125 0.50830078125 0.3544921875
17 0.400634765625 0.5638020828125 0.405517578125 0.5634765625 0.407958984375 0.5615234375 0.41259765625 0.5511067703125 0.4267578125 0.509765625 0.431884765625 0.4912109375 0.430908203125 0.4807942703125 0.42578125 0.4749348953125 0.408203125 0.4664713546875 0.375244140625 0.4524739578125 0.36962890625 0.4521484375 0.365234375 0.4567057296875 0.36181640625 0.46484375 0.34033203125 0.5247395828125 0.340576171875 0.533203125 0.345947265625 0.5400390625 0.389892578125 0.5615234375 0.400634765625 0.5638020828125
18 0.45703125 0.5159505203125 0.458984375 0.5247395828125 0.461181640625 0.5276692703125 0.464111328125 0.529296875 0.46875 0.529296875 0.487060546875 0.5266927078125 0.498291015625 0.5237630203125 0.515869140625 0.5149739578125 0.52294921875 0.5149739578125 0.526123046875 0.5169270828125 0.529052734375 0.5120442703125 0.529541015625 0.5029296875 0.527587890625 0.484375 0.521240234375 0.4391276046875 0.51904296875 0.4313151046875 0.515380859375 0.4290364578125 0.5048828125 0.4296875 0.458984375 0.4378255203125 0.453857421875 0.4410807296875 0.451904296875 0.4466145828125 0.452880859375 0.4710286453125 0.45458984375 0.4798177078125 0.45458984375 0.4908854171875 0.45703125 0.5159505203125
18 0.375 0.6630859375 0.396728515625 0.6692708328125 0.404541015625 0.6686197921875 0.40966796875 0.6569010421875 0.421875 0.5930989578125 0.422607421875 0.5810546875 0.4208984375 0.5738932296875 0.41796875 0.5703125 0.40576171875 0.5660807296875 0.359375 0.5569661453125 0.352294921875 0.5582682296875 0.350341796875 0.5608723953125 0.34521484375 0.578125 0.332763671875 0.6396484375 0.332763671875 0.6474609375 0.333984375 0.650390625 0.341796875 0.65625 0.375 0.6630859375
18 0.649658203125 0.2874348953125 0.65576171875 0.2972005203125 0.661865234375 0.2978515625 0.68896484375 0.2874348953125 0.71533203125 0.2669270828125 0.715087890625 0.2594401046875 0.711669921875 0.2506510421875 0.69287109375 0.2099609375 0.689208984375 0.20540364531250002 0.681640625 0.20572916718749998 0.66162109375 0.212890625 0.640625 0.22135416718749998 0.63623046875 0.22395833281250002 0.634765625 0.22623697968749998 0.634521484375 0.232421875 0.636962890625 0.2516276046875 0.638671875 0.2574869796875 0.649658203125 0.2874348953125
18 0.7802734375 0.23893229218749998 0.782958984375 0.2522786453125 0.7939453125 0.24869791718749998 0.822265625 0.23177083281250002 0.827880859375 0.2255859375 0.83154296875 0.216796875 0.83154296875 0.21321614531250002 0.82861328125 0.20572916718749998 0.807861328125 0.1728515625 0.80029296875 0.1630859375 0.796630859375 0.1608072921875 0.78955078125 0.1627604171875 0.758544921875 0.1800130203125 0.750732421875 0.185546875 0.74951171875 0.1884765625 0.750244140625 0.1917317703125 0.75439453125 0.1956380203125 0.761474609375 0.20572916718749998 0.7802734375 0.23893229218749998
12 0.730712890625 0.2845052078125 0.737060546875 0.2848307296875 0.740478515625 0.2835286453125 0.770263671875 0.2662760421875 0.776611328125 0.2604166671875 0.78125 0.2509765625 0.78173828125 0.24479166718749998 0.77783203125 0.236328125 0.759765625 0.20442708281250002 0.748291015625 0.19140625 0.742919921875 0.1927083328125 0.716796875 0.2060546875 0.701904296875 0.21516927031250002 0.69873046875 0.21907552031250002 0.699462890625 0.2236328125 0.715087890625 0.255859375 0.718505859375 0.2685546875 0.730712890625 0.2845052078125
12 0.619873046875 0.7399088546875 0.626708984375 0.75390625 0.630126953125 0.7561848953125 0.633544921875 0.7565104171875 0.64306640625 0.7506510421875 0.686279296875 0.720703125 0.694091796875 0.7138671875 0.697265625 0.7067057296875 0.6962890625 0.69921875 0.682373046875 0.6650390625 0.67041015625 0.6435546875 0.663330078125 0.6259765625 0.658203125 0.6214192703125 0.647216796875 0.6259765625 0.612548828125 0.6484375 0.5986328125 0.658203125 0.593505859375 0.6653645828125 0.593017578125 0.671875 0.594970703125 0.6783854171875 0.60986328125 0.7132161453125 0.619873046875 0.7399088546875
10 0.439453125 0.421875 0.465087890625 0.4339192703125 0.48291015625 0.4326171875 0.487548828125 0.4293619796875 0.505126953125 0.3795572921875 0.506591796875 0.3733723953125 0.50634765625 0.3636067703125 0.50244140625 0.3590494796875 0.484375 0.3499348953125 0.457275390625 0.3372395828125 0.44921875 0.3356119796875 0.4462890625 0.3372395828125 0.444091796875 0.3411458328125 0.4208984375 0.400390625 0.4208984375 0.4075520828125 0.423095703125 0.4117838546875 0.426025390625 0.4147135421875 0.439453125 0.421875
16 0.769287109375 0.3561197921875 0.8125 0.3642578125 0.81884765625 0.3636067703125 0.824462890625 0.3570963546875 0.826416015625 0.3518880203125 0.8271484375 0.345703125 0.826416015625 0.29296875 0.824462890625 0.28515625 0.821044921875 0.2822265625 0.810546875 0.279296875 0.768798828125 0.2737630203125 0.76171875 0.2770182296875 0.757568359375 0.2864583328125 0.7568359375 0.2926432296875 0.755859375 0.3421223953125 0.756591796875 0.3486328125 0.759033203125 0.3525390625 0.769287109375 0.3561197921875
3 0.7861328125 0.6139322921875 0.793212890625 0.6149088546875 0.845947265625 0.6038411453125 0.852294921875 0.6005859375 0.85986328125 0.5921223953125 0.859619140625 0.583984375 0.841796875 0.5192057296875 0.83837890625 0.5100911453125 0.835205078125 0.5065104171875 0.828125 0.505859375 0.775634765625 0.5169270828125 0.772216796875 0.5185546875 0.765380859375 0.5266927078125 0.764404296875 0.529296875 0.765380859375 0.5400390625 0.78271484375 0.6087239578125 0.7861328125 0.6139322921875
20 0.490966796875 0.6383463546875 0.494873046875 0.6380208328125 0.5078125 0.6305338546875 0.54443359375 0.6064453125 0.55126953125 0.5999348953125 0.55419921875 0.5924479171875 0.553955078125 0.5885416671875 0.544189453125 0.560546875 0.527099609375 0.5208333328125 0.5224609375 0.5152994796875 0.515625 0.5162760421875 0.497802734375 0.5260416671875 0.463134765625 0.548828125 0.4599609375 0.5537109375 0.460205078125 0.5638020828125 0.477783203125 0.6126302078125 0.486328125 0.6337890625 0.490966796875 0.6383463546875