20 0.42626953125 0.1722005203125 0.470458984375 0.22135416718749998 0.4775390625 0.22786458281250002 0.48095703125 0.22884114531250002 0.48681640625 0.22395833281250002 0.50244140625 0.19921875 0.504638671875 0.1852213546875 0.526611328125 0.1494140625 0.529052734375 0.1442057296875 0.529052734375 0.1380208328125 0.52783203125 0.1334635421875 0.525634765625 0.1305338546875 0.485107421875 0.08821614531250001 0.473876953125 0.07747395781250001 0.470458984375 0.0751953125 0.466796875 0.0751953125 0.462158203125 0.080078125 0.42041015625 0.1526692703125 0.418701171875 0.1578776046875 0.419189453125 0.1608072921875 0.420654296875 0.1647135421875 0.42626953125 0.1722005203125
21 0.448974609375 0.37109375 0.453125 0.3763020828125 0.45654296875 0.3782552078125 0.464111328125 0.3746744796875 0.471923828125 0.3662109375 0.4814453125 0.3544921875 0.4873046875 0.341796875 0.514892578125 0.310546875 0.5146484375 0.3037109375 0.512939453125 0.298828125 0.48876953125 0.2623697921875 0.477783203125 0.2431640625 0.468505859375 0.23014322968749998 0.4638671875 0.22786458281250002 0.45751953125 0.2294921875 0.45458984375 0.234375 0.450439453125 0.23763020781250002 0.41064453125 0.287109375 0.40673828125 0.2936197921875 0.405517578125 0.2981770828125 0.4052734375 0.3001302078125 0.40771484375 0.3056640625 0.4287109375 0.3411458328125 0.448974609375 0.37109375
20 0.376220703125 0.4313151046875 0.380859375 0.435546875 0.39306640625 0.4537760421875 0.404052734375 0.4654947921875 0.40869140625 0.46484375 0.423583984375 0.4505208328125 0.454833984375 0.4075520828125 0.46044921875 0.3987630203125 0.4619140625 0.3942057296875 0.461669921875 0.3899739578125 0.458251953125 0.3834635421875 0.41552734375 0.326171875 0.40966796875 0.3206380203125 0.405029296875 0.3190104171875 0.399658203125 0.3216145828125 0.354248046875 0.3837890625 0.353271484375 0.3870442703125 0.352783203125 0.3961588546875 0.355712890625 0.4075520828125 0.362060546875 0.4111328125 0.376220703125 0.4313151046875
21 0.61962890625 0.3408203125 0.62353515625 0.341796875 0.6298828125 0.3372395828125 0.672607421875 0.2766927078125 0.679443359375 0.2659505203125 0.68115234375 0.2568359375 0.6787109375 0.2503255203125 0.65185546875 0.21647135468749998 0.630615234375 0.1923828125 0.623046875 0.1871744796875 0.618408203125 0.1881510421875 0.611328125 0.1962890625 0.568115234375 0.2581380203125 0.566650390625 0.2630208328125 0.567138671875 0.2724609375 0.570068359375 0.2789713546875 0.6142578125 0.3359375 0.61962890625 0.3408203125
12 0.39306640625 0.2932942703125 0.39697265625 0.2975260421875 0.400634765625 0.2991536453125 0.40380859375 0.2981770828125 0.41650390625 0.27734375 0.457763671875 0.2275390625 0.45556640625 0.22005208281250002 0.44189453125 0.1979166671875 0.4169921875 0.1591796875 0.411376953125 0.1516927078125 0.40771484375 0.1490885421875 0.40234375 0.1507161453125 0.39013671875 0.1643880203125 0.358642578125 0.203125 0.350341796875 0.2177734375 0.35009765625 0.220703125 0.35205078125 0.22786458281250002 0.361083984375 0.2431640625 0.39306640625 0.2932942703125
12 0.19140625 0.515625 0.196044921875 0.5205078125 0.2060546875 0.5205078125 0.216064453125 0.5159505203125 0.2666015625 0.4772135421875 0.265625 0.4697265625 0.245361328125 0.4010416671875 0.241943359375 0.3938802078125 0.23828125 0.3909505203125 0.230712890625 0.388671875 0.2265625 0.3896484375 0.17431640625 0.421875 0.16845703125 0.4287109375 0.168701171875 0.4388020828125 0.17822265625 0.4736328125 0.18603515625 0.4931640625 0.19140625 0.515625
12 0.3515625 0.6510416671875 0.355712890625 0.6598307296875 0.35986328125 0.6627604171875 0.4189453125 0.6507161453125 0.427978515625 0.6468098953125 0.43017578125 0.6438802078125 0.432373046875 0.63671875 0.429931640625 0.609375 0.4228515625 0.5550130203125 0.4208984375 0.5472005203125 0.418212890625 0.5423177078125 0.410888671875 0.541015625 0.349853515625 0.5546875 0.34326171875 0.5576171875 0.340576171875 0.5631510421875 0.34130859375 0.580078125 0.345947265625 0.6126302078125 0.345458984375 0.6197916671875 0.3515625 0.6510416671875
12 0.58447265625 0.6510416671875 0.58837890625 0.654296875 0.59228515625 0.654296875 0.60595703125 0.64453125 0.65234375 0.6048177078125 0.657470703125 0.5989583328125 0.657470703125 0.5927734375 0.6552734375 0.5852864578125 0.61962890625 0.5146484375 0.613037109375 0.5061848953125 0.605712890625 0.5068359375 0.556396484375 0.5498046875 0.54541015625 0.5615234375 0.54443359375 0.5641276046875 0.545166015625 0.5693359375 0.552490234375 0.5865885421875 0.58447265625 0.6510416671875
3 0.57763671875 0.5283203125 0.58349609375 0.5260416671875 0.5986328125 0.5120442703125 0.64111328125 0.4680989578125 0.6435546875 0.4635416671875 0.6435546875 0.4596354171875 0.64111328125 0.4514973953125 0.60009765625 0.3828125 0.595458984375 0.3772786453125 0.593017578125 0.3766276046875 0.586669921875 0.3795572921875 0.543212890625 0.4244791671875 0.53271484375 0.4365234375 0.5302734375 0.443359375 0.530517578125 0.4495442703125 0.5361328125 0.4606119796875 0.567138671875 0.5133463546875 0.57763671875 0.5283203125
5 0.79345703125 0.5924479171875 0.79931640625 0.5960286453125 0.803955078125 0.5953776046875 0.812744140625 0.5888671875 0.8603515625 0.537109375 0.8662109375 0.529296875 0.866943359375 0.5263671875 0.866455078125 0.5205078125 0.864501953125 0.515625 0.84912109375 0.4912109375 0.818359375 0.4446614578125 0.815185546875 0.4410807296875 0.810791015625 0.439453125 0.803955078125 0.4420572921875 0.799560546875 0.4456380203125 0.74755859375 0.5013020828125 0.74365234375 0.5078125 0.74365234375 0.5146484375 0.745361328125 0.5188802078125 0.785400390625 0.5813802078125 0.79345703125 0.5924479171875
8 0.423095703125 0.5481770828125 0.424560546875 0.5540364578125 0.430419921875 0.5647786453125 0.435302734375 0.5690104171875 0.439453125 0.568359375 0.47265625 0.5445963546875 0.48193359375 0.5361328125 0.491455078125 0.5299479171875 0.5 0.5221354171875 0.502197265625 0.5185546875 0.50244140625 0.51171875 0.498291015625 0.4996744796875 0.470458984375 0.4345703125 0.466552734375 0.4287109375 0.463623046875 0.4267578125 0.456787109375 0.427734375 0.44970703125 0.4326171875 0.404052734375 0.46875 0.396728515625 0.4772135421875 0.39599609375 0.4827473953125 0.3974609375 0.4908854171875 0.4091796875 0.513671875 0.423095703125 0.5481770828125
8 0.14404296875 0.578125 0.1484375 0.5787760421875 0.157958984375 0.5755208328125 0.15966796875 0.5735677078125 0.18896484375 0.5188802078125 0.189697265625 0.5104166671875 0.188720703125 0.50390625 0.185302734375 0.494140625 0.1796875 0.4807942703125 0.177001953125 0.4772135421875 0.1494140625 0.4459635421875 0.1416015625 0.4423828125 0.1328125 0.4417317703125 0.13037109375 0.4430338546875 0.12646484375 0.4485677078125 0.1162109375 0.4677734375 0.095703125 0.5094401046875 0.093505859375 0.5159505203125 0.09423828125 0.5224609375 0.126708984375 0.560546875 0.140380859375 0.5758463546875 0.14404296875 0.578125
8 0.64794921875 0.7268880203125 0.65478515625 0.736328125 0.661376953125 0.7360026046875 0.682373046875 0.7200520828125 0.720947265625 0.6884765625 0.724365234375 0.6845703125 0.7265625 0.6787109375 0.7255859375 0.6722005203125 0.72119140625 0.6617838546875 0.689453125 0.5986328125 0.682861328125 0.587890625 0.6787109375 0.5849609375 0.67529296875 0.5849609375 0.671142578125 0.5872395828125 0.64990234375 0.6080729171875 0.611328125 0.6412760421875 0.60986328125 0.6442057296875 0.6123046875 0.6546223953125 0.631103515625 0.6910807296875 0.64794921875 0.7268880203125
11 0.568359375 0.7770182296875 0.572265625 0.7757161453125 0.575927734375 0.7692057296875 0.576904296875 0.76171875 0.585693359375 0.6848958328125 0.585205078125 0.6686197921875 0.581298828125 0.6637369796875 0.5751953125 0.6614583328125 0.524658203125 0.6494140625 0.511962890625 0.6481119796875 0.50830078125 0.6500651046875 0.504638671875 0.6546223953125 0.5029296875 0.6614583328125 0.49365234375 0.7438151046875 0.494140625 0.7548828125 0.501220703125 0.7600911453125 0.562744140625 0.7763671875 0.568359375 0.7770182296875
11 0.464111328125 0.6337890625 0.47314453125 0.6575520828125 0.48095703125 0.6656901046875 0.487548828125 0.6656901046875 0.50146484375 0.65625 0.50732421875 0.6494140625 0.51904296875 0.6442057296875 0.520263671875 0.640625 0.5244140625 0.6357421875 0.54443359375 0.6197916671875 0.547607421875 0.6165364578125 0.54833984375 0.6139322921875 0.548828125 0.6090494796875 0.547119140625 0.6022135421875 0.515869140625 0.5328776046875 0.512451171875 0.5263671875 0.508544921875 0.5231119796875 0.50341796875 0.5237630203125 0.483154296875 0.5387369796875 0.44580078125 0.5709635421875 0.442138671875 0.5771484375 0.44287109375 0.5846354171875 0.445068359375 0.5921223953125 0.447509765625 0.595703125 0.464111328125 0.6337890625
19 0.281982421875 0.4313151046875 0.296630859375 0.4300130203125 0.34521484375 0.4186197921875 0.352294921875 0.4147135421875 0.353515625 0.4072265625 0.3466796875 0.3414713546875 0.34375 0.3212890625 0.34228515625 0.3167317703125 0.33984375 0.3134765625 0.332275390625 0.3102213546875 0.324462890625 0.3102213546875 0.310546875 0.3128255203125 0.265625 0.3255208328125 0.263427734375 0.3277994796875 0.26318359375 0.3304036453125 0.262939453125 0.3408203125 0.271484375 0.4192708328125 0.275390625 0.4287109375 0.281982421875 0.4313151046875
19 0.25048828125 0.5966796875 0.2548828125 0.6015625 0.258544921875 0.6022135421875 0.268798828125 0.5973307296875 0.31982421875 0.5647786453125 0.3232421875 0.560546875 0.318359375 0.5472005203125 0.311279296875 0.5084635421875 0.298828125 0.4736328125 0.296875 0.470703125 0.2939453125 0.4690755203125 0.286376953125 0.4677734375 0.281494140625 0.4694010421875 0.235595703125 0.5016276046875 0.226806640625 0.5087890625 0.224853515625 0.5123697921875 0.22412109375 0.5152994796875 0.224853515625 0.5218098953125 0.2412109375 0.5712890625 0.25048828125 0.5966796875
10 0.197509765625 0.3919270828125 0.202880859375 0.3987630203125 0.20654296875 0.400390625 0.21337890625 0.3968098953125 0.227294921875 0.3860677078125 0.251708984375 0.3518880203125 0.25927734375 0.3404947921875 0.261474609375 0.3349609375 0.26123046875 0.3277994796875 0.25927734375 0.3235677078125 0.223876953125 0.2724609375 0.21728515625 0.2646484375 0.206787109375 0.2587890625 0.2001953125 0.2620442703125 0.1640625 0.3141276046875 0.158935546875 0.32421875 0.15771484375 0.3274739578125 0.157958984375 0.3310546875 0.1611328125 0.3385416671875 0.197509765625 0.3919270828125
10 0.324462890625 0.55859375 0.3271484375 0.5598958328125 0.335205078125 0.5592447921875 0.39404296875 0.5423177078125 0.3994140625 0.5364583328125 0.400634765625 0.5299479171875 0.400146484375 0.5240885421875 0.38916015625 0.4524739578125 0.38427734375 0.4423828125 0.380126953125 0.4368489578125 0.376708984375 0.4352213546875 0.373779296875 0.435546875 0.3173828125 0.4527994796875 0.310546875 0.4557291671875 0.30712890625 0.4606119796875 0.306884765625 0.470703125 0.31884765625 0.5439453125 0.321044921875 0.5524088546875 0.324462890625 0.55859375
10 0.735595703125 0.4495442703125 0.73779296875 0.4554036453125 0.7412109375 0.4563802078125 0.74755859375 0.455078125 0.810791015625 0.4332682296875 0.819091796875 0.4287109375 0.8212890625 0.4254557296875 0.822265625 0.4147135421875 0.809326171875 0.3473307296875 0.803955078125 0.3245442703125 0.800048828125 0.318359375 0.79638671875 0.3173828125 0.79052734375 0.3190104171875 0.72412109375 0.3434244796875 0.716796875 0.3486328125 0.71484375 0.3528645828125 0.71484375 0.3623046875 0.71630859375 0.369140625 0.72119140625 0.3824869796875 0.735595703125 0.4495442703125
7 0.65673828125 0.5091145828125 0.662841796875 0.5100911453125 0.67919921875 0.5055338546875 0.727294921875 0.4873046875 0.737060546875 0.4827473953125 0.73876953125 0.4807942703125 0.739990234375 0.474609375 0.739990234375 0.466796875 0.731689453125 0.4348958328125 0.720947265625 0.3837890625 0.717041015625 0.3746744796875 0.712890625 0.3733723953125 0.702392578125 0.3759765625 0.640869140625 0.400390625 0.635009765625 0.40625 0.635009765625 0.4150390625 0.650390625 0.494140625 0.65380859375 0.5052083328125 0.65673828125 0.5091145828125
7 0.4775390625 0.7796223953125 0.485107421875 0.779296875 0.489013671875 0.7747395828125 0.492919921875 0.7587890625 0.493408203125 0.7395833328125 0.4990234375 0.6923828125 0.500244140625 0.6712239578125 0.494873046875 0.6682942703125 0.435791015625 0.65234375 0.42529296875 0.6536458328125 0.42138671875 0.6591796875 0.419921875 0.6647135421875 0.41015625 0.7438151046875 0.410400390625 0.7555338546875 0.412353515625 0.7594401046875 0.41552734375 0.7623697921875 0.4775390625 0.7796223953125
7 0.342041015625 0.8011067703125001 0.347412109375 0.8004557296874999 0.407470703125 0.78515625 0.411865234375 0.7809244796875 0.414794921875 0.7750651046875 0.41552734375 0.7672526046875 0.409912109375 0.75390625 0.409912109375 0.7327473953125 0.40576171875 0.7018229171875 0.402099609375 0.6813151046875 0.39892578125 0.6764322921875 0.39453125 0.6751302078125 0.390625 0.67578125 0.33203125 0.6917317703125 0.323486328125 0.6979166671875 0.322021484375 0.7027994796875 0.32275390625 0.7151692703125 0.334716796875 0.7900390625 0.3388671875 0.7998046875 0.342041015625 0.8011067703125001
2 0.258544921875 0.3157552078125 0.265869140625 0.3157552078125 0.313720703125 0.3102213546875 0.3212890625 0.3089192703125 0.3251953125 0.3059895828125 0.326904296875 0.2981770828125 0.326904296875 0.2897135421875 0.32470703125 0.21549479218749998 0.322021484375 0.20638020781250002 0.319091796875 0.20247395781250002 0.314453125 0.1988932296875 0.306884765625 0.1982421875 0.2509765625 0.20572916718749998 0.244873046875 0.20833333281250002 0.242431640625 0.216796875 0.243896484375 0.2972005203125 0.24609375 0.3050130203125 0.249755859375 0.3115234375 0.258544921875 0.3157552078125
11 0.285888671875 0.7106119796875 0.289794921875 0.7135416671875 0.29736328125 0.7112630203125 0.352294921875 0.671875 0.356201171875 0.6682942703125 0.357421875 0.6647135421875 0.3515625 0.6526692703125 0.34619140625 0.6282552078125 0.333984375 0.5989583328125 0.3291015625 0.5843098953125 0.325927734375 0.578125 0.323486328125 0.5758463546875 0.317626953125 0.5751953125 0.309814453125 0.5791015625 0.258544921875 0.6178385421875 0.25439453125 0.6240234375 0.254638671875 0.6311848953125 0.258544921875 0.6435546875 0.276123046875 0.6888020828125 0.285888671875 0.7106119796875
19 0.529541015625 0.43359375 0.53125 0.4339192703125 0.5361328125 0.431640625 0.592529296875 0.3743489578125 0.594970703125 0.3681640625 0.594970703125 0.3629557296875 0.592041015625 0.3561197921875 0.554443359375 0.2926432296875 0.547119140625 0.2841796875 0.54345703125 0.2838541671875 0.53955078125 0.2861328125 0.48876953125 0.341796875 0.484619140625 0.3486328125 0.483642578125 0.3557942703125 0.48681640625 0.3629557296875 0.525146484375 0.4283854171875 0.529541015625 0.43359375
9 0.5576171875 0.2623697921875 0.560302734375 0.2643229171875 0.564208984375 0.2643229171875 0.6142578125 0.1897786453125 0.616455078125 0.1852213546875 0.61669921875 0.1783854171875 0.61474609375 0.171875 0.605712890625 0.16015625 0.568603515625 0.1178385421875 0.561767578125 0.1110026046875 0.55712890625 0.1097005203125 0.54638671875 0.1214192703125 0.53564453125 0.1370442703125 0.534912109375 0.140625 0.531005859375 0.14453125 0.506591796875 0.1822916671875 0.504150390625 0.1891276046875 0.50390625 0.1930338546875 0.505859375 0.1998697921875 0.513427734375 0.21061197968749998 0.5576171875 0.2623697921875