12 0.490966796875 0.1839192703125 0.497802734375 0.1949869796875 0.50146484375 0.1949869796875 0.5048828125 0.1927083328125 0.546875 0.1536458328125 0.560546875 0.1402994796875 0.564453125 0.1302083328125 0.564208984375 0.1227213546875 0.560546875 0.1136067703125 0.5263671875 0.046875 0.522216796875 0.0403645828125 0.51953125 0.0390625 0.515380859375 0.0393880203125 0.5068359375 0.0462239578125 0.4599609375 0.09147135468749999 0.4541015625 0.0986328125 0.452880859375 0.1018880203125 0.453125 0.1067708328125 0.456787109375 0.1168619796875 0.490966796875 0.1839192703125
12 0.323486328125 0.703125 0.3525390625 0.7034505203125 0.3876953125 0.7024739578125 0.392578125 0.6995442703125 0.394775390625 0.6936848953125 0.39404296875 0.6022135421875 0.392822265625 0.5986328125 0.3837890625 0.5966796875 0.3271484375 0.5947265625 0.31640625 0.5979817703125 0.313720703125 0.6018880203125 0.312744140625 0.6061197921875 0.3134765625 0.6790364578125 0.314208984375 0.6927083328125 0.31640625 0.7005208328125 0.323486328125 0.703125
12 0.668212890625 0.6510416671875 0.728271484375 0.6728515625 0.735107421875 0.6741536453125 0.7392578125 0.6722005203125 0.7431640625 0.6643880203125 0.757568359375 0.6022135421875 0.76123046875 0.5797526046875 0.76025390625 0.5725911453125 0.75537109375 0.5680338546875 0.6865234375 0.5442708328125 0.68212890625 0.5455729171875 0.679443359375 0.5498046875 0.67529296875 0.5673828125 0.661865234375 0.6370442703125 0.662109375 0.6435546875 0.663818359375 0.6474609375 0.668212890625 0.6510416671875
12 0.75244140625 0.6298828125 0.75390625 0.6321614578125 0.7626953125 0.6376953125 0.81787109375 0.65625 0.82470703125 0.6572265625 0.830078125 0.6536458328125 0.833984375 0.6438802078125 0.836669921875 0.6272786453125 0.849609375 0.5748697921875 0.8515625 0.5598958328125 0.85107421875 0.5569661453125 0.848876953125 0.5537109375 0.84130859375 0.5498046875 0.790283203125 0.5319010421875 0.774169921875 0.5279947921875 0.769775390625 0.5309244796875 0.76708984375 0.5361328125 0.760498046875 0.5667317703125 0.761962890625 0.57421875 0.761474609375 0.5849609375 0.75244140625 0.6263020828125 0.75244140625 0.6298828125
5 0.862548828125 0.703125 0.866455078125 0.7057291671875 0.869873046875 0.70703125 0.87646484375 0.7063802078125 0.935791015625 0.6829427078125 0.942626953125 0.6770833328125 0.94287109375 0.6624348953125 0.93798828125 0.6416015625 0.929443359375 0.5947265625 0.92578125 0.5813802078125 0.92138671875 0.5774739578125 0.91162109375 0.5751953125 0.907470703125 0.576171875 0.856201171875 0.5960286453125 0.84521484375 0.6015625 0.843017578125 0.60546875 0.842041015625 0.6103515625 0.841796875 0.6162109375 0.843994140625 0.6292317703125 0.857177734375 0.6936848953125 0.862548828125 0.703125
14 0.6796875 0.8251953125 0.68359375 0.8258463546874999 0.689453125 0.822265625 0.71728515625 0.7828776046875 0.731689453125 0.7613932296875 0.734619140625 0.7548828125 0.734619140625 0.7513020828125 0.732177734375 0.7454427078125 0.710205078125 0.7184244796875 0.680908203125 0.6852213546875 0.6787109375 0.6832682296875 0.6748046875 0.6826171875 0.670166015625 0.6852213546875 0.646240234375 0.7200520828125 0.6396484375 0.736328125 0.630859375 0.7444661453125 0.625732421875 0.7555338546875 0.62646484375 0.7649739578125 0.62939453125 0.7692057296875 0.674560546875 0.8209635421874999 0.6796875 0.8251953125
21 0.725341796875 0.732421875 0.7724609375 0.7819010421875 0.77978515625 0.7841796875 0.784912109375 0.7802734375 0.803955078125 0.7522786453125 0.828125 0.7132161453125 0.829345703125 0.7060546875 0.828369140625 0.7021484375 0.82373046875 0.6959635421875 0.77734375 0.6461588546875 0.77001953125 0.6412760421875 0.765380859375 0.640625 0.757568359375 0.646484375 0.7314453125 0.6861979171875 0.7177734375 0.7096354171875 0.716552734375 0.712890625 0.716552734375 0.7171223953125 0.71826171875 0.7233072921875 0.725341796875 0.732421875
21 0.650146484375 0.6341145828125 0.661376953125 0.6331380203125 0.66455078125 0.6256510421875 0.67578125 0.5511067703125 0.67626953125 0.5423177078125 0.67529296875 0.533203125 0.671630859375 0.5289713546875 0.666259765625 0.52734375 0.606201171875 0.513671875 0.598388671875 0.5139973953125 0.5947265625 0.5218098953125 0.582763671875 0.6064453125 0.583984375 0.615234375 0.59033203125 0.6204427078125 0.636962890625 0.6318359375 0.650146484375 0.6341145828125
8 0.35693359375 0.5927734375 0.365234375 0.5960286453125 0.395263671875 0.5960286453125 0.428955078125 0.5944010421875 0.436279296875 0.58984375 0.43701171875 0.5882161453125 0.435791015625 0.4944661453125 0.433349609375 0.4876302078125 0.421630859375 0.4860026046875 0.359130859375 0.4879557296875 0.355224609375 0.490234375 0.352783203125 0.4964192703125 0.352294921875 0.509765625 0.35400390625 0.5817057296875 0.354736328125 0.5885416671875 0.35693359375 0.5927734375
8 0.6005859375 0.8404947921874999 0.604248046875 0.8346354171874999 0.60791015625 0.8138020828125001 0.60986328125 0.7965494796875 0.6142578125 0.7724609375 0.616943359375 0.7493489578125 0.6162109375 0.7434895828125 0.612060546875 0.73828125 0.56884765625 0.7265625 0.559326171875 0.72265625 0.546875 0.720703125 0.539794921875 0.7220052078125 0.535888671875 0.7317708328125 0.535400390625 0.7438151046875 0.524658203125 0.80859375 0.524658203125 0.8186848953125001 0.529541015625 0.8258463546874999 0.594482421875 0.841796875 0.6005859375 0.8404947921874999
8 0.207275390625 0.359375 0.213623046875 0.3629557296875 0.21728515625 0.3629557296875 0.22412109375 0.3587239578125 0.253173828125 0.310546875 0.26220703125 0.2932942703125 0.2646484375 0.2828776046875 0.262451171875 0.2776692703125 0.217041015625 0.22623697968749998 0.20654296875 0.216796875 0.19921875 0.21516927031250002 0.1953125 0.21809895781250002 0.17919921875 0.24479166718749998 0.154052734375 0.2926432296875 0.15380859375 0.2965494796875 0.155029296875 0.30078125 0.161865234375 0.3108723953125 0.207275390625 0.359375
19 0.115966796875 0.4440104171875 0.119140625 0.4453125 0.12890625 0.4443359375 0.144775390625 0.4378255203125 0.185546875 0.4166666671875 0.189208984375 0.4137369796875 0.192626953125 0.408203125 0.1923828125 0.4016927078125 0.187255859375 0.3818359375 0.174072265625 0.3395182296875 0.16552734375 0.3196614578125 0.159423828125 0.3128255203125 0.154296875 0.3118489578125 0.150390625 0.3131510421875 0.091796875 0.3444010421875 0.0888671875 0.3486328125 0.0888671875 0.3557942703125 0.091064453125 0.3658854171875 0.10888671875 0.4267578125 0.115966796875 0.4440104171875
19 0.140869140625 0.6490885421875 0.14794921875 0.6494140625 0.172119140625 0.6393229171875 0.21044921875 0.6204427078125 0.21533203125 0.6165364578125 0.217041015625 0.6129557296875 0.216064453125 0.6025390625 0.196533203125 0.5319010421875 0.1923828125 0.5218098953125 0.185302734375 0.5208333328125 0.17138671875 0.5260416671875 0.121826171875 0.5494791671875 0.116943359375 0.5530598953125 0.115234375 0.5559895828125 0.114990234375 0.5621744796875 0.1162109375 0.5680338546875 0.135986328125 0.6393229171875 0.140869140625 0.6490885421875
19 0.259521484375 0.57421875 0.32080078125 0.5813802078125 0.326171875 0.5794270828125 0.330078125 0.5745442703125 0.331298828125 0.5690104171875 0.33544921875 0.5032552078125 0.335693359375 0.4798177078125 0.33349609375 0.4752604171875 0.32470703125 0.47265625 0.260986328125 0.4658203125 0.254150390625 0.470703125 0.252685546875 0.4739583328125 0.25 0.5113932296875 0.247802734375 0.5576171875 0.248779296875 0.5673828125 0.250732421875 0.5703125 0.259521484375 0.57421875
3 0.244384765625 0.7307942703125 0.30712890625 0.7298177078125 0.312744140625 0.7265625 0.316650390625 0.7190755203125 0.31787109375 0.7060546875 0.31396484375 0.6907552078125 0.3125 0.6702473953125 0.311767578125 0.6263020828125 0.309814453125 0.6197916671875 0.245361328125 0.6220703125 0.234130859375 0.6266276046875 0.2314453125 0.6324869796875 0.234130859375 0.703125 0.236083984375 0.7220052078125 0.23828125 0.7281901046875 0.244384765625 0.7307942703125
7 0.28564453125 0.859375 0.292724609375 0.8678385421874999 0.296875 0.8681640625 0.303955078125 0.8639322921874999 0.349609375 0.8248697921874999 0.35302734375 0.8212890625 0.35546875 0.8147786453125001 0.35546875 0.8102213546874999 0.353515625 0.8043619796874999 0.34814453125 0.7978515625 0.3466796875 0.7936197921875 0.345703125 0.7828776046875 0.343505859375 0.7779947921875 0.324951171875 0.7405598953125 0.3203125 0.7333984375 0.315185546875 0.7301432296875 0.310302734375 0.7317708328125 0.264892578125 0.771484375 0.25439453125 0.7819010421875 0.25244140625 0.7854817703125 0.252197265625 0.7903645828125 0.25390625 0.796875 0.261962890625 0.8147786453125001 0.28564453125 0.859375
7 0.490966796875 0.8219401046874999 0.50634765625 0.826171875 0.515625 0.8264973953125001 0.518798828125 0.82421875 0.520751953125 0.8180338546874999 0.534912109375 0.7408854171875 0.535400390625 0.7294921875 0.53271484375 0.7236328125 0.526123046875 0.7210286453125 0.51806640625 0.7203776046875 0.51220703125 0.7177734375 0.48046875 0.7106119796875 0.4677734375 0.7054036453125 0.4599609375 0.7054036453125 0.4560546875 0.7132161453125 0.447265625 0.76171875 0.4423828125 0.7958984375 0.44287109375 0.802734375 0.445068359375 0.806640625 0.490966796875 0.8219401046874999
7 0.564453125 0.7233072921875 0.577880859375 0.7278645828125 0.6181640625 0.73828125 0.63134765625 0.740234375 0.637451171875 0.7369791671875 0.642333984375 0.7239583328125 0.650634765625 0.6722005203125 0.65380859375 0.6461588546875 0.65234375 0.6396484375 0.6474609375 0.6350911453125 0.588134765625 0.6207682296875 0.58154296875 0.6175130203125 0.577880859375 0.6178385421875 0.574462890625 0.6204427078125 0.571044921875 0.6337890625 0.559814453125 0.7096354171875 0.559814453125 0.7174479171875 0.560791015625 0.7197265625 0.564453125 0.7233072921875
10 0.508544921875 0.6048177078125 0.5751953125 0.6136067703125 0.580322265625 0.6103515625 0.583251953125 0.5989583328125 0.58935546875 0.5120442703125 0.587646484375 0.5084635421875 0.584228515625 0.5061848953125 0.575439453125 0.5035807296875 0.522705078125 0.4977213546875 0.5126953125 0.498046875 0.508544921875 0.5013020828125 0.50732421875 0.5055338546875 0.50390625 0.5491536453125 0.50146484375 0.5908203125 0.501708984375 0.5966796875 0.503662109375 0.6018880203125 0.508544921875 0.6048177078125
10 0.58056640625 0.5016276046875 0.59033203125 0.509765625 0.595703125 0.5104166671875 0.6044921875 0.4996744796875 0.640625 0.4375 0.64306640625 0.4322916671875 0.6435546875 0.4283854171875 0.642333984375 0.4241536453125 0.6376953125 0.4176432296875 0.596923828125 0.3756510421875 0.58642578125 0.3658854171875 0.580810546875 0.3649088546875 0.57666015625 0.3681640625 0.56787109375 0.3824869796875 0.53369140625 0.4427083328125 0.53369140625 0.4505208328125 0.54150390625 0.4599609375 0.56884765625 0.4879557296875 0.58056640625 0.5016276046875
10 0.680908203125 0.5309244796875 0.689697265625 0.5338541671875 0.703125 0.5299479171875 0.713623046875 0.5296223953125 0.7548828125 0.521484375 0.76025390625 0.5179036453125 0.761474609375 0.51171875 0.76123046875 0.4977213546875 0.75439453125 0.4182942703125 0.752197265625 0.4150390625 0.748291015625 0.4124348953125 0.744140625 0.4124348953125 0.681884765625 0.4228515625 0.672119140625 0.4264322921875 0.669189453125 0.431640625 0.670654296875 0.4654947921875 0.675048828125 0.5110677078125 0.677490234375 0.5231119796875 0.680908203125 0.5309244796875
20 0.7685546875 0.5231119796875 0.776611328125 0.5234375 0.8388671875 0.5149739578125 0.845947265625 0.5107421875 0.847900390625 0.5045572921875 0.84423828125 0.4264322921875 0.843017578125 0.4111328125 0.842041015625 0.4078776046875 0.839111328125 0.404296875 0.83154296875 0.4033203125 0.77001953125 0.4117838546875 0.75927734375 0.4140625 0.756103515625 0.4169921875 0.75634765625 0.4326171875 0.76220703125 0.4986979171875 0.762939453125 0.5192057296875 0.7685546875 0.5231119796875
2 0.321044921875 0.3990885421875 0.323974609375 0.4020182296875 0.32958984375 0.4026692703125 0.334716796875 0.4013671875 0.347412109375 0.3951822921875 0.39404296875 0.3678385421875 0.3984375 0.3629557296875 0.39697265625 0.3525390625 0.373779296875 0.275390625 0.3701171875 0.2672526046875 0.367431640625 0.2652994796875 0.35888671875 0.2662760421875 0.347900390625 0.271484375 0.30029296875 0.2978515625 0.29443359375 0.3043619796875 0.294189453125 0.3111979171875 0.296142578125 0.3196614578125 0.317626953125 0.390625 0.321044921875 0.3990885421875
9 0.395263671875 0.4856770828125 0.3994140625 0.486328125 0.404052734375 0.4850260421875 0.4619140625 0.4495442703125 0.466552734375 0.4423828125 0.464111328125 0.4309895828125 0.447021484375 0.3782552078125 0.43896484375 0.3544921875 0.435546875 0.349609375 0.42919921875 0.349609375 0.41552734375 0.3557942703125 0.368896484375 0.3837890625 0.364501953125 0.3873697921875 0.362548828125 0.3919270828125 0.3623046875 0.3942057296875 0.365478515625 0.4052734375 0.38916015625 0.4772135421875 0.395263671875 0.4856770828125
20 0.24462890625 0.4674479171875 0.248291015625 0.4694010421875 0.252197265625 0.4690755203125 0.297119140625 0.4358723953125 0.310302734375 0.4251302078125 0.316162109375 0.41796875 0.314453125 0.4075520828125 0.28466796875 0.3382161453125 0.280029296875 0.3307291671875 0.27587890625 0.3271484375 0.2724609375 0.3264973953125 0.26806640625 0.3277994796875 0.255126953125 0.3369140625 0.22021484375 0.365234375 0.208740234375 0.3766276046875 0.20751953125 0.3834635421875 0.21240234375 0.3974609375 0.239990234375 0.4602864578125 0.24462890625 0.4674479171875
11 0.465576171875 0.7021484375 0.469970703125 0.7014973953125 0.473388671875 0.6988932296875 0.474853515625 0.6946614578125 0.475341796875 0.6875 0.47607421875 0.654296875 0.4755859375 0.5986328125 0.473876953125 0.5950520828125 0.468505859375 0.5924479171875 0.455810546875 0.5924479171875 0.44091796875 0.5927734375 0.4248046875 0.5960286453125 0.400390625 0.5963541671875 0.396484375 0.5989583328125 0.394775390625 0.60546875 0.3955078125 0.6936848953125 0.39794921875 0.6995442703125 0.404296875 0.7021484375 0.465576171875 0.7021484375
11 0.494384765625 0.7125651046875 0.539306640625 0.7180989578125 0.54736328125 0.7184244796875 0.55322265625 0.716796875 0.55517578125 0.7135416671875 0.556396484375 0.7063802078125 0.55859375 0.66015625 0.560791015625 0.6477864578125 0.561279296875 0.6184895828125 0.55908203125 0.6142578125 0.5546875 0.6123046875 0.53515625 0.6100260421875 0.49560546875 0.6025390625 0.48681640625 0.6031901046875 0.48388671875 0.6057942703125 0.48095703125 0.6162109375 0.4775390625 0.6627604171875 0.47607421875 0.6982421875 0.477294921875 0.7060546875 0.480712890625 0.7096354171875 0.494384765625 0.7125651046875
11 0.410400390625 0.8375651046874999 0.414306640625 0.8369140625 0.418212890625 0.8313802078125001 0.429443359375 0.8014322921874999 0.44482421875 0.7652994796875 0.44775390625 0.7548828125 0.448486328125 0.7444661453125 0.443115234375 0.7376302078125 0.397216796875 0.7083333328125 0.388427734375 0.7044270828125 0.379638671875 0.7044270828125 0.37548828125 0.7080078125 0.367431640625 0.7320963546875 0.3466796875 0.7848307296875 0.347412109375 0.7936197921875 0.350341796875 0.7985026046875 0.404296875 0.8349609375 0.410400390625 0.8375651046874999