19 0.5559895828125 0.283935546875 0.6455078125 0.28369140625 0.658203125 0.28076171875 0.6624348953125 0.278076171875 0.6643880203125 0.273193359375 0.6647135421875 0.2646484375 0.6617838546875 0.2060546875 0.66015625 0.19580078125 0.65625 0.19091796875 0.6513671875 0.189208984375 0.5559895828125 0.1875 0.5504557296875 0.1884765625 0.5455729171875 0.191162109375 0.5403645828125 0.196044921875 0.5397135421875 0.198486328125 0.5445963546875 0.27587890625 0.5465494796875 0.28076171875 0.5494791671875 0.282958984375 0.5559895828125 0.283935546875
19 0.4345703125 0.6279296875 0.4420572921875 0.630859375 0.4466145828125 0.630859375 0.4527994796875 0.628173828125 0.5143229171875 0.582763671875 0.5227864578125 0.57470703125 0.5247395828125 0.571044921875 0.5240885421875 0.567626953125 0.5198567703125 0.562744140625 0.458984375 0.514892578125 0.4479166671875 0.5107421875 0.4423828125 0.510986328125 0.4303385421875 0.517333984375 0.3671875 0.563720703125 0.3645833328125 0.567626953125 0.365234375 0.57421875 0.3694661453125 0.578857421875 0.3844401046875 0.5888671875 0.4345703125 0.6279296875
8 0.5465494796875 0.55029296875 0.5569661453125 0.553466796875 0.560546875 0.553466796875 0.5693359375 0.547119140625 0.5901692703125 0.51904296875 0.611328125 0.488037109375 0.6126302078125 0.480224609375 0.6100260421875 0.4765625 0.5465494796875 0.4482421875 0.5260416671875 0.440185546875 0.5169270828125 0.439453125 0.5078125 0.4443359375 0.5009765625 0.4521484375 0.4703776046875 0.494140625 0.4615885421875 0.50830078125 0.4606119796875 0.511962890625 0.4622395828125 0.5146484375 0.4765625 0.523193359375 0.5465494796875 0.55029296875
3 0.6923828125 0.53173828125 0.69921875 0.53173828125 0.708984375 0.52587890625 0.7630208328125 0.481689453125 0.7669270828125 0.477294921875 0.7679036453125 0.47412109375 0.765625 0.46826171875 0.7493489578125 0.45556640625 0.7386067703125 0.444091796875 0.7060546875 0.419189453125 0.6995442703125 0.41650390625 0.6920572921875 0.4169921875 0.6819661453125 0.420166015625 0.6184895828125 0.470703125 0.6181640625 0.4775390625 0.6334635421875 0.490966796875 0.6822916671875 0.527099609375 0.6923828125 0.53173828125
12 0.5465494796875 0.444091796875 0.5501302078125 0.447509765625 0.5615234375 0.448486328125 0.57421875 0.4462890625 0.6490885421875 0.4296875 0.6539713546875 0.42822265625 0.6569010421875 0.425537109375 0.6585286453125 0.421630859375 0.6559244796875 0.4072265625 0.6383463546875 0.350341796875 0.6334635421875 0.34423828125 0.6298828125 0.343017578125 0.6223958328125 0.343017578125 0.5563151046875 0.35546875 0.533203125 0.3603515625 0.5286458328125 0.362060546875 0.5263671875 0.364990234375 0.5266927078125 0.376220703125 0.5315755203125 0.404541015625 0.5426432296875 0.4365234375 0.5465494796875 0.444091796875
12 0.7307942703125 0.435791015625 0.7428385421875 0.443115234375 0.7486979171875 0.445068359375 0.7561848953125 0.445556640625 0.7610677078125 0.44384765625 0.7698567703125 0.436767578125 0.783203125 0.423095703125 0.8115234375 0.391357421875 0.8160807296874999 0.3837890625 0.81640625 0.379638671875 0.8147786453125001 0.37646484375 0.8037109375 0.368408203125 0.76171875 0.34033203125 0.748046875 0.331787109375 0.7395833328125 0.330322265625 0.73046875 0.332763671875 0.7233072921875 0.337158203125 0.6803385421875 0.38232421875 0.6712239578125 0.3935546875 0.6715494796875 0.398681640625 0.6829427078125 0.407958984375 0.7099609375 0.419921875 0.7307942703125 0.435791015625
12 0.4059244796875 0.414794921875 0.4085286453125 0.418212890625 0.4114583328125 0.419677734375 0.4235026046875 0.420654296875 0.4641927078125 0.419189453125 0.517578125 0.416015625 0.5260416671875 0.412353515625 0.5279947921875 0.40771484375 0.5283203125 0.39892578125 0.5231119796875 0.34033203125 0.5208333328125 0.328369140625 0.5162760421875 0.32421875 0.5094401046875 0.32275390625 0.4928385421875 0.32275390625 0.4114583328125 0.32470703125 0.40234375 0.327392578125 0.3994140625 0.33349609375 0.3994140625 0.344970703125 0.4039713546875 0.37353515625 0.404296875 0.408203125 0.4059244796875 0.414794921875
9 0.2805989578125 0.392333984375 0.2877604171875 0.39404296875 0.3522135421875 0.389404296875 0.3922526046875 0.385498046875 0.3971354171875 0.384521484375 0.4016927078125 0.382080078125 0.4029947921875 0.376953125 0.4020182296875 0.36669921875 0.3899739578125 0.303466796875 0.3873697921875 0.294677734375 0.3834635421875 0.291015625 0.3759765625 0.289794921875 0.3662109375 0.289794921875 0.2721354171875 0.29638671875 0.2646484375 0.29833984375 0.2620442703125 0.30029296875 0.2610677078125 0.3037109375 0.26171875 0.314453125 0.275390625 0.383544921875 0.2779947921875 0.389892578125 0.2805989578125 0.392333984375
11 0.1640625 0.7763671875 0.1695963546875 0.780029296875 0.1744791671875 0.78076171875 0.1787109375 0.780029296875 0.24869791718749998 0.76220703125 0.2763671875 0.75390625 0.2828776046875 0.7509765625 0.2848307296875 0.748291015625 0.28515625 0.741943359375 0.2805989578125 0.7275390625 0.2548828125 0.668701171875 0.2522786453125 0.66552734375 0.24869791718749998 0.663818359375 0.240234375 0.664306640625 0.220703125 0.668701171875 0.140625 0.6884765625 0.130859375 0.696044921875 0.1298828125 0.703369140625 0.1334635421875 0.712890625 0.1608072921875 0.771484375 0.1640625 0.7763671875
11 0.536650390625 0.7170874031250001 0.536103515625 0.7170874031250001 0.536103515625 0.7174975578125 0.536650390625 0.7174975578125 0.536650390625 0.7170874031250001
11 0.4664713546875 0.78759765625 0.4912109375 0.787353515625 0.5400390625 0.78564453125 0.560546875 0.78369140625 0.5654296875 0.777587890625 0.5690104171875 0.7587890625 0.57421875 0.710205078125 0.5709635421875 0.702880859375 0.5651041671875 0.69873046875 0.560546875 0.697021484375 0.5540364578125 0.6962890625 0.4749348953125 0.6962890625 0.466796875 0.69677734375 0.4622395828125 0.6982421875 0.4599609375 0.699462890625 0.4576822921875 0.703857421875 0.4521484375 0.75048828125 0.4508463546875 0.775146484375 0.4541015625 0.782958984375 0.4596354171875 0.78662109375 0.4664713546875 0.78759765625
11 0.4772135421875 0.640625 0.5406901046875 0.671875 0.5576171875 0.67822265625 0.5628255203125 0.67626953125 0.5725911453125 0.66796875 0.6181640625 0.616943359375 0.6207682296875 0.612548828125 0.6162109375 0.603759765625 0.5813802078125 0.58447265625 0.5625 0.576171875 0.5537109375 0.5703125 0.5426432296875 0.565673828125 0.5315755203125 0.56298828125 0.5279947921875 0.56396484375 0.5237630203125 0.57421875 0.5185546875 0.580810546875 0.4912109375 0.601806640625 0.4755859375 0.618896484375 0.470703125 0.626953125 0.4694010421875 0.6298828125 0.4703776046875 0.6337890625 0.47265625 0.63720703125 0.4772135421875 0.640625
7 0.6402994796875 0.608642578125 0.646484375 0.606201171875 0.6624348953125 0.58984375 0.6927083328125 0.55419921875 0.6982421875 0.54638671875 0.6995442703125 0.542236328125 0.6975911453125 0.5380859375 0.6936848953125 0.53466796875 0.6295572921875 0.500732421875 0.6227213546875 0.498046875 0.6158854171875 0.4970703125 0.6061197921875 0.498779296875 0.6022135421875 0.502197265625 0.595703125 0.513671875 0.572265625 0.545166015625 0.5657552078125 0.55126953125 0.5563151046875 0.554931640625 0.5517578125 0.560546875 0.5524088546875 0.56591796875 0.560546875 0.571533203125 0.6298828125 0.60693359375 0.6402994796875 0.608642578125
7 0.8391927078125001 0.550048828125 0.8515625 0.5537109375 0.8597005203125001 0.55419921875 0.8626302078125001 0.553466796875 0.8665364578125001 0.55029296875 0.8815104171874999 0.533203125 0.9069010421874999 0.501953125 0.912109375 0.4912109375 0.91015625 0.4873046875 0.9052734375 0.4833984375 0.8486328125 0.449462890625 0.8401692703125001 0.447021484375 0.8307291671874999 0.447265625 0.826171875 0.448486328125 0.8203125 0.452880859375 0.7848307296875 0.494140625 0.775390625 0.50732421875 0.7750651046875 0.51220703125 0.7763671875 0.515380859375 0.8125 0.5361328125 0.8391927078125001 0.550048828125
10 0.6608072921875 0.6923828125 0.6647135421875 0.6923828125 0.6735026046875 0.689453125 0.7242838546875 0.666259765625 0.7447916671875 0.6552734375 0.748046875 0.651123046875 0.7451171875 0.640869140625 0.7213541671875 0.604248046875 0.7102864578125 0.588134765625 0.7063802078125 0.584716796875 0.7034505203125 0.583984375 0.6888020828125 0.584228515625 0.6722005203125 0.590576171875 0.6575520828125 0.598388671875 0.6481119796875 0.6064453125 0.6429036453125 0.609375 0.6337890625 0.610107421875 0.6256510421875 0.612548828125 0.6116536453125 0.626220703125 0.611328125 0.630126953125 0.640625 0.6728515625 0.6555989578125 0.690185546875 0.6608072921875 0.6923828125