20 0.6982421875 0.884521484375 0.7034505203125 0.88525390625 0.7122395828125 0.880126953125 0.7376302078125 0.85791015625 0.7477213546875 0.84716796875 0.7490234375 0.842041015625 0.7457682296875 0.837158203125 0.7194010421875 0.8095703125 0.7132161453125 0.804931640625 0.7096354171875 0.804931640625 0.7047526046875 0.806884765625 0.685546875 0.819580078125 0.6764322921875 0.82421875 0.6643880203125 0.834228515625 0.6575520828125 0.84326171875 0.6572265625 0.845458984375 0.6614583328125 0.851318359375 0.6881510421875 0.8779296875 0.6982421875 0.884521484375
20 0.7965494796875 0.71630859375 0.8004557296874999 0.71630859375 0.8050130203125001 0.713623046875 0.8118489578125001 0.7041015625 0.8294270828125001 0.675048828125 0.830078125 0.671630859375 0.828125 0.668212890625 0.822265625 0.663818359375 0.791015625 0.646240234375 0.7861328125 0.64453125 0.7766927078125 0.64404296875 0.7711588546875 0.6474609375 0.7705078125 0.655029296875 0.7639973953125 0.668701171875 0.7581380203125 0.6748046875 0.7486979171875 0.6884765625 0.7493489578125 0.69287109375 0.7587890625 0.69921875 0.7822265625 0.7109375 0.7965494796875 0.71630859375
17 0.7809244796875 0.79345703125 0.7822265625 0.797119140625 0.7861328125 0.8017578125 0.7903645828125 0.8037109375 0.7962239578125 0.805419921875 0.8017578125 0.8046875 0.8255208328125001 0.791015625 0.8427734375 0.779296875 0.8444010421874999 0.7763671875 0.8440755203125001 0.772216796875 0.8310546875 0.74462890625 0.8245442703125001 0.734375 0.8170572921874999 0.73046875 0.8102213546874999 0.72998046875 0.8037109375 0.73193359375 0.7864583328125 0.7412109375 0.7698567703125 0.752685546875 0.7692057296875 0.756103515625 0.7783203125 0.775390625 0.7809244796875 0.783935546875 0.7809244796875 0.79345703125
13 0.662109375 0.82958984375 0.671875 0.82568359375 0.7109375 0.8037109375 0.7151692703125 0.79736328125 0.7154947921875 0.792724609375 0.6979166671875 0.7587890625 0.6927083328125 0.751708984375 0.6861979171875 0.749267578125 0.6787109375 0.748046875 0.6692708328125 0.7587890625 0.6559244796875 0.76708984375 0.6253255203125 0.781982421875 0.6259765625 0.785888671875 0.6474609375 0.82275390625 0.6578776046875 0.82958984375 0.662109375 0.82958984375
13 0.5452473953125 0.875732421875 0.591796875 0.8779296875 0.6028645828125 0.877685546875 0.6083984375 0.87646484375 0.6126302078125 0.87060546875 0.6243489578125 0.824951171875 0.6246744796875 0.820068359375 0.6233723953125 0.816650390625 0.6188151046875 0.8134765625 0.6100260421875 0.8115234375 0.5618489578125 0.8076171875 0.5540364578125 0.80810546875 0.55078125 0.809326171875 0.5472005203125 0.814208984375 0.5345052078125 0.8603515625 0.5341796875 0.86669921875 0.5358072921875 0.870361328125 0.5397135421875 0.87353515625 0.5452473953125 0.875732421875
13 0.4635416671875 0.87109375 0.474609375 0.8701171875 0.4964192703125 0.861328125 0.5029296875 0.85986328125 0.5279947921875 0.849365234375 0.5345052078125 0.84423828125 0.5354817703125 0.83837890625 0.5335286453125 0.831298828125 0.5198567703125 0.79345703125 0.5172526046875 0.789794921875 0.5113932296875 0.78564453125 0.5048828125 0.78515625 0.4892578125 0.789794921875 0.4420572921875 0.806396484375 0.4378255203125 0.810546875 0.4388020828125 0.8203125 0.4527994796875 0.85888671875 0.4602864578125 0.869384765625 0.4635416671875 0.87109375
1 0.7272135421875 0.81640625 0.7311197921875 0.8173828125 0.734375 0.816162109375 0.7776692703125 0.79345703125 0.7802734375 0.7900390625 0.7776692703125 0.77587890625 0.7682291671875 0.751708984375 0.7633463546875 0.744140625 0.7584635421875 0.740478515625 0.7552083328125 0.739501953125 0.7483723953125 0.73974609375 0.7340494796875 0.74462890625 0.7171223953125 0.760009765625 0.7080078125 0.7646484375 0.7054036453125 0.76953125 0.7154947921875 0.792724609375 0.7161458328125 0.803955078125 0.7272135421875 0.81640625
1 0.5830078125 0.64990234375 0.599609375 0.648681640625 0.6402994796875 0.64208984375 0.6448567703125 0.64013671875 0.6468098953125 0.6357421875 0.646484375 0.623046875 0.6416015625 0.588134765625 0.6376953125 0.582275390625 0.6298828125 0.58154296875 0.5716145828125 0.587158203125 0.5670572921875 0.589111328125 0.5647786453125 0.59326171875 0.5696614578125 0.63818359375 0.5712890625 0.643798828125 0.576171875 0.6484375 0.5830078125 0.64990234375
1 0.6956380203125 0.753662109375 0.7027994796875 0.76025390625 0.7099609375 0.762451171875 0.7145182296875 0.7607421875 0.7255859375 0.74951171875 0.7486979171875 0.7216796875 0.7506510421875 0.716552734375 0.7493489578125 0.71337890625 0.7347005203125 0.70166015625 0.7141927078125 0.687744140625 0.7067057296875 0.68359375 0.69921875 0.682861328125 0.6927083328125 0.684814453125 0.6884765625 0.688232421875 0.6617838546875 0.720458984375 0.662109375 0.727783203125 0.6676432296875 0.736328125 0.6751302078125 0.742431640625 0.6956380203125 0.753662109375
1 0.5777994796875 0.482177734375 0.5810546875 0.4814453125 0.5852864578125 0.47900390625 0.5891927078125 0.473388671875 0.6009114578125 0.445556640625 0.6051432296875 0.432861328125 0.603515625 0.42578125 0.595703125 0.421630859375 0.5530598953125 0.40673828125 0.5432942703125 0.40478515625 0.537109375 0.40576171875 0.5335286453125 0.4072265625 0.5296223953125 0.4111328125 0.5296223953125 0.42236328125 0.5270182296875 0.43212890625 0.51953125 0.438720703125 0.5120442703125 0.4541015625 0.51171875 0.4599609375 0.515625 0.464599609375 0.5677083328125 0.48046875 0.5777994796875 0.482177734375
1 0.44921875 0.51708984375 0.4534505203125 0.517333984375 0.4635416671875 0.51025390625 0.4820963546875 0.4912109375 0.4996744796875 0.47021484375 0.4986979171875 0.466552734375 0.4951171875 0.462890625 0.4446614578125 0.43017578125 0.4384765625 0.428955078125 0.4345703125 0.429931640625 0.4244791671875 0.4384765625 0.3902994796875 0.472412109375 0.3883463546875 0.475830078125 0.3889973953125 0.48095703125 0.3958333328125 0.486083984375 0.4449869796875 0.515380859375 0.44921875 0.51708984375
1 0.5338541671875 0.29296875 0.568359375 0.3017578125 0.5774739578125 0.303466796875 0.5843098953125 0.303466796875 0.5904947921875 0.301513671875 0.59375 0.29833984375 0.5960286453125 0.2919921875 0.6028645828125 0.252197265625 0.6012369796875 0.244873046875 0.5953776046875 0.241943359375 0.5738932296875 0.2353515625 0.5677083328125 0.234619140625 0.560546875 0.2314453125 0.5436197921875 0.2275390625 0.5358072921875 0.22705078125 0.5302734375 0.229736328125 0.5260416671875 0.2353515625 0.5224609375 0.248779296875 0.5166015625 0.279541015625 0.5179036453125 0.287109375 0.5231119796875 0.289794921875 0.5338541671875 0.29296875
0 0.4446614578125 0.278076171875 0.453125 0.2783203125 0.4567057296875 0.277099609375 0.4632161453125 0.272705078125 0.46484375 0.26904296875 0.47265625 0.225830078125 0.4729817703125 0.219482421875 0.4716796875 0.216064453125 0.466796875 0.21337890625 0.4560546875 0.210205078125 0.4049479171875 0.19775390625 0.3971354171875 0.197021484375 0.39453125 0.197998046875 0.3893229171875 0.202880859375 0.3860677078125 0.21337890625 0.3785807296875 0.252197265625 0.37890625 0.259765625 0.3824869796875 0.263427734375 0.3870442703125 0.26513671875 0.4446614578125 0.278076171875
0 0.2555338546875 0.296630859375 0.2581380203125 0.297607421875 0.2666015625 0.2978515625 0.2724609375 0.29638671875 0.2936197921875 0.296875 0.33203125 0.29541015625 0.3382161453125 0.294189453125 0.3430989578125 0.29150390625 0.3450520828125 0.287109375 0.3450520828125 0.283203125 0.3352864578125 0.2353515625 0.3310546875 0.22705078125 0.3235677078125 0.224365234375 0.2526041671875 0.224853515625 0.24544270781250002 0.226318359375 0.24186197968749998 0.23095703125 0.24088541718749998 0.23828125 0.2506510421875 0.289306640625 0.2522786453125 0.29345703125 0.2555338546875 0.296630859375
0 0.7171223953125 0.44140625 0.7552083328125 0.43603515625 0.7692057296875 0.43359375 0.7737630203125 0.4306640625 0.7747395828125 0.42724609375 0.7672526046875 0.38623046875 0.7620442703125 0.37890625 0.7548828125 0.3779296875 0.7122395828125 0.383056640625 0.6988932296875 0.38671875 0.6959635421875 0.389892578125 0.7027994796875 0.42919921875 0.7054036453125 0.435546875 0.7102864578125 0.440673828125 0.7171223953125 0.44140625
0 0.7750651046875 0.38623046875 0.7845052078125 0.386962890625 0.7897135421875 0.385498046875 0.7975260421875 0.379150390625 0.8177083328125001 0.352294921875 0.8186848953125001 0.34619140625 0.8154296875 0.341552734375 0.7897135421875 0.321044921875 0.784396809375 0.3185222171875 0.7789713546875 0.31396484375 0.7721354171875 0.31298828125 0.7600911453125 0.320068359375 0.7405598953125 0.341796875 0.7340494796875 0.35107421875 0.7340494796875 0.355712890625 0.7353515625 0.357421875 0.7692057296875 0.384033203125 0.7750651046875 0.38623046875
0 0.4319661453125 0.173095703125 0.4397786453125 0.16748046875 0.4495442703125 0.153564453125 0.4674479171875 0.123046875 0.4677734375 0.11962890625 0.4641927078125 0.115234375 0.4459635421875 0.1044921875 0.404296875 0.0830078125 0.3968098953125 0.08203125 0.3932291671875 0.083984375 0.3902994796875 0.087890625 0.3610026046875 0.133544921875 0.3616536453125 0.14013671875 0.3681640625 0.144287109375 0.4244791671875 0.171875 0.4319661453125 0.173095703125
0 0.7317708328125 0.330810546875 0.7389322921875 0.328857421875 0.7454427078125 0.324462890625 0.765625 0.296875 0.767578125 0.28955078125 0.765625 0.28515625 0.7535807296875 0.27392578125 0.7330729171875 0.258544921875 0.7233072921875 0.253662109375 0.7184244796875 0.2548828125 0.7060546875 0.263427734375 0.6888020828125 0.283935546875 0.6845703125 0.296875 0.6842447921875 0.30078125 0.6910807296875 0.307373046875 0.7236328125 0.330078125 0.7317708328125 0.330810546875
18 0.611328125 0.784423828125 0.6175130203125 0.7841796875 0.630859375 0.77734375 0.6402994796875 0.77392578125 0.6663411453125 0.76025390625 0.6715494796875 0.75537109375 0.6715494796875 0.749755859375 0.6669921875 0.737548828125 0.6536458328125 0.709716796875 0.6510416671875 0.70703125 0.6477864578125 0.705810546875 0.6376953125 0.70849609375 0.6087239578125 0.720458984375 0.6028645828125 0.721923828125 0.5924479171875 0.721923828125 0.583984375 0.7255859375 0.580078125 0.7294921875 0.5807291671875 0.737060546875 0.5986328125 0.7744140625 0.6018880203125 0.7783203125 0.611328125 0.784423828125
18 0.693359375 0.570068359375 0.6966145828125 0.56884765625 0.6998697921875 0.564453125 0.7096354171875 0.5380859375 0.71484375 0.529296875 0.7145182296875 0.515380859375 0.7102864578125 0.512451171875 0.6995442703125 0.5087890625 0.6920572921875 0.507568359375 0.6712239578125 0.500244140625 0.6572265625 0.498291015625 0.6526692703125 0.50146484375 0.6500651046875 0.51123046875 0.6458333328125 0.5185546875 0.6370442703125 0.523681640625 0.6295572921875 0.536376953125 0.6266276046875 0.547607421875 0.626953125 0.55029296875 0.6302083328125 0.5537109375 0.693359375 0.570068359375
18 0.7438151046875 0.5146484375 0.7587890625 0.516357421875 0.765625 0.5205078125 0.7760416671875 0.520751953125 0.779296875 0.519775390625 0.7828776046875 0.515625 0.7936197921875 0.486328125 0.7962239578125 0.474365234375 0.7945963546875 0.46875 0.7890625 0.466064453125 0.7473958328125 0.45263671875 0.7373046875 0.452880859375 0.734375 0.456298828125 0.7350260421875 0.468017578125 0.7216796875 0.5048828125 0.72265625 0.50732421875 0.7438151046875 0.5146484375
18 0.265625 0.3701171875 0.296875 0.375244140625 0.3313802078125 0.3828125 0.3395182296875 0.3818359375 0.3466796875 0.376708984375 0.359375 0.32568359375 0.3590494796875 0.320068359375 0.3528645828125 0.314208984375 0.2861328125 0.298095703125 0.2757161453125 0.297607421875 0.2711588546875 0.2998046875 0.2679036453125 0.305908203125 0.2607421875 0.328369140625 0.2529296875 0.358642578125 0.2529296875 0.36279296875 0.2555338546875 0.366455078125 0.265625 0.3701171875
18 0.6337890625 0.331787109375 0.6435546875 0.333740234375 0.6546223953125 0.338134765625 0.6608072921875 0.33837890625 0.6682942703125 0.33642578125 0.671875 0.334228515625 0.6735026046875 0.33154296875 0.6793619796875 0.3134765625 0.685546875 0.288818359375 0.6842447921875 0.282958984375 0.6653645828125 0.274658203125 0.6337890625 0.263671875 0.6279296875 0.2626953125 0.6197916671875 0.263671875 0.615234375 0.266845703125 0.6110026046875 0.2724609375 0.599609375 0.311767578125 0.5992838546875 0.317626953125 0.6012369796875 0.3203125 0.61328125 0.324951171875 0.6337890625 0.331787109375
4 0.5777994796875 0.150634765625 0.5817057296875 0.150390625 0.5856119796875 0.148681640625 0.599609375 0.13818359375 0.623046875 0.116943359375 0.6256510421875 0.11279296875 0.6256510421875 0.10888671875 0.6233723953125 0.105224609375 0.5986328125 0.08154296875 0.5826822921875 0.068115234375 0.578125 0.066162109375 0.57421875 0.066162109375 0.5706380203125 0.067626953125 0.5328776046875 0.098388671875 0.5283203125 0.1044921875 0.5286458328125 0.109619140625 0.5354817703125 0.116455078125 0.5660807296875 0.142578125 0.5777994796875 0.150634765625
4 0.5403645828125 0.22509765625 0.5712890625 0.23388671875 0.5751953125 0.232177734375 0.578125 0.227294921875 0.5888671875 0.189453125 0.5891927078125 0.18017578125 0.5875651046875 0.177490234375 0.5817057296875 0.17431640625 0.53515625 0.15771484375 0.5257161453125 0.1552734375 0.5221354171875 0.155517578125 0.513671875 0.16162109375 0.5006510421875 0.202880859375 0.4996744796875 0.212890625 0.5035807296875 0.217041015625 0.5260416671875 0.223876953125 0.5403645828125 0.22509765625
4 0.6321614578125 0.520263671875 0.6402994796875 0.520751953125 0.6435546875 0.51953125 0.6468098953125 0.515869140625 0.65234375 0.5009765625 0.6549479171875 0.498046875 0.6630859375 0.47412109375 0.6627604171875 0.469970703125 0.6591796875 0.464599609375 0.6513671875 0.460693359375 0.6181640625 0.44970703125 0.6022135421875 0.446044921875 0.5983072921875 0.44970703125 0.5970052078125 0.457763671875 0.5882161453125 0.477294921875 0.5830078125 0.48291015625 0.5774739578125 0.485595703125 0.5732421875 0.49560546875 0.5729166671875 0.49853515625 0.5748697921875 0.501220703125 0.5963541671875 0.51025390625 0.6321614578125 0.520263671875
4 0.7903645828125 0.44384765625 0.80078125 0.445068359375 0.8063151046874999 0.443603515625 0.8271484375 0.43310546875 0.84375 0.421630859375 0.8453776046874999 0.419189453125 0.8453776046874999 0.414794921875 0.83984375 0.40625 0.8362630203125001 0.397216796875 0.8225911453125001 0.378662109375 0.8177083328125001 0.3740234375 0.8102213546874999 0.374755859375 0.80078125 0.37939453125 0.791015625 0.385986328125 0.7744140625 0.39306640625 0.7698567703125 0.396240234375 0.7688802078125 0.401123046875 0.7757161453125 0.425048828125 0.7861328125 0.440673828125 0.7903645828125 0.44384765625
4 0.8098958328125001 0.615966796875 0.8125 0.617919921875 0.8173828125 0.619140625 0.8248697921874999 0.616943359375 0.8538411453125001 0.6025390625 0.8629557296874999 0.59619140625 0.8626302078125001 0.589111328125 0.8502604171874999 0.560791015625 0.845703125 0.552978515625 0.8430989578125001 0.551513671875 0.8388671875 0.550048828125 0.8313802078125001 0.551025390625 0.8251953125 0.554931640625 0.8167317703125001 0.556396484375 0.796875 0.563720703125 0.7906901046875 0.568603515625 0.7893880203125 0.57080078125 0.7897135421875 0.57470703125 0.8053385421874999 0.60205078125 0.8098958328125001 0.615966796875
4 0.3388671875 0.633544921875 0.3486328125 0.6376953125 0.3525390625 0.637451171875 0.3570963546875 0.634765625 0.3665364578125 0.625732421875 0.3994140625 0.589111328125 0.4013671875 0.585205078125 0.4010416671875 0.581298828125 0.3977864578125 0.57763671875 0.345703125 0.548583984375 0.3310546875 0.54541015625 0.3277994796875 0.5458984375 0.3219401046875 0.55029296875 0.2799479171875 0.595703125 0.2789713546875 0.599609375 0.2805989578125 0.60302734375 0.2906901046875 0.609375 0.3388671875 0.633544921875
6 0.4593098953125 0.76953125 0.4671223953125 0.770263671875 0.4710286453125 0.768798828125 0.4775390625 0.761962890625 0.4990234375 0.726806640625 0.5042317703125 0.71728515625 0.5052083328125 0.71240234375 0.5042317703125 0.710205078125 0.498046875 0.70654296875 0.4404296875 0.683349609375 0.4352213546875 0.682861328125 0.4270833328125 0.688720703125 0.4078776046875 0.7158203125 0.3938802078125 0.739013671875 0.3935546875 0.7412109375 0.3951822921875 0.743408203125 0.4088541671875 0.751708984375 0.4593098953125 0.76953125
6 0.8776041671874999 0.3720703125 0.8912760421874999 0.36962890625 0.8935546875 0.3662109375 0.8929036453125001 0.351806640625 0.8893229171874999 0.32421875 0.8863932296874999 0.320068359375 0.8776041671874999 0.31787109375 0.8694661453125001 0.317626953125 0.8681640625 0.319580078125 0.8629557296874999 0.32080078125 0.8600260421874999 0.31884765625 0.8430989578125001 0.318115234375 0.8294270828125001 0.320556640625 0.8245442703125001 0.324462890625 0.828125 0.362060546875 0.8307291671874999 0.369384765625 0.8343098953125001 0.373046875 0.8776041671874999 0.3720703125
17 0.5478515625 0.404296875 0.5576171875 0.406982421875 0.5758463546875 0.406982421875 0.6087239578125 0.405029296875 0.6165364578125 0.4033203125 0.6214192703125 0.40087890625 0.6233723953125 0.39306640625 0.6201171875 0.36865234375 0.6171875 0.348876953125 0.61328125 0.34326171875 0.6090494796875 0.342529296875 0.5511067703125 0.344482421875 0.5452473953125 0.348876953125 0.541015625 0.3623046875 0.5400390625 0.3662109375 0.5436197921875 0.394287109375 0.5452473953125 0.4013671875 0.5478515625 0.404296875
17 0.6419270828125 0.454833984375 0.6500651046875 0.4580078125 0.6552734375 0.4580078125 0.6595052078125 0.455810546875 0.697265625 0.4248046875 0.6995442703125 0.421630859375 0.6969401046875 0.41259765625 0.6650390625 0.381591796875 0.6585286453125 0.377685546875 0.6510416671875 0.378662109375 0.6422526046875 0.38330078125 0.6246744796875 0.396484375 0.6207682296875 0.402587890625 0.6057942703125 0.40966796875 0.603515625 0.412841796875 0.6028645828125 0.417236328125 0.6057942703125 0.421875 0.6357421875 0.4501953125 0.6419270828125 0.454833984375
17 0.716796875 0.511474609375 0.7220052078125 0.504638671875 0.7347005203125 0.468505859375 0.7353515625 0.462158203125 0.7340494796875 0.458984375 0.7272135421875 0.45556640625 0.6930338546875 0.444580078125 0.6832682296875 0.44189453125 0.6783854171875 0.44189453125 0.6686197921875 0.449462890625 0.6617838546875 0.45849609375 0.6611328125 0.463623046875 0.6630859375 0.466796875 0.6634114578125 0.474609375 0.6569010421875 0.490478515625 0.6565755203125 0.49462890625 0.6591796875 0.496826171875 0.7099609375 0.51171875 0.716796875 0.511474609375
9 0.7587890625 0.6416015625 0.7630208328125 0.642333984375 0.7688802078125 0.640625 0.7926432296875 0.6259765625 0.8053385421874999 0.619873046875 0.8082682296874999 0.616943359375 0.8063151046874999 0.60546875 0.791015625 0.577880859375 0.7874348953125 0.572509765625 0.7828776046875 0.569580078125 0.7757161453125 0.572021484375 0.7522786453125 0.5849609375 0.736328125 0.591796875 0.7298177078125 0.592041015625 0.7320963546875 0.603515625 0.7294921875 0.609375 0.7415364578125 0.62841796875 0.7587890625 0.6416015625
9 0.3655598953125 0.36181640625 0.3688151046875 0.36279296875 0.4371744796875 0.362060546875 0.44140625 0.361328125 0.4459635421875 0.35888671875 0.4485677078125 0.352783203125 0.4475911453125 0.334716796875 0.4436848953125 0.30712890625 0.4420572921875 0.30029296875 0.4391276046875 0.296875 0.4287109375 0.294677734375 0.3668619796875 0.292724609375 0.3619791671875 0.293701171875 0.3583984375 0.296142578125 0.35546875 0.30224609375 0.3597005203125 0.316650390625 0.3610026046875 0.353271484375 0.3626302078125 0.359130859375 0.3655598953125 0.36181640625
9 0.4977213546875 0.685546875 0.5048828125 0.68994140625 0.5084635421875 0.69091796875 0.5149739578125 0.689697265625 0.5218098953125 0.685302734375 0.5553385421875 0.6552734375 0.5618489578125 0.647705078125 0.5618489578125 0.643798828125 0.5579427078125 0.63916015625 0.5234375 0.609130859375 0.5152994796875 0.604248046875 0.5100911453125 0.603271484375 0.5016276046875 0.60595703125 0.4684244796875 0.632568359375 0.4560546875 0.64404296875 0.4554036453125 0.647705078125 0.45703125 0.650634765625 0.4645182296875 0.657958984375 0.4977213546875 0.685546875
9 0.3893229171875 0.661865234375 0.4147135421875 0.674560546875 0.421875 0.675537109375 0.4287109375 0.67138671875 0.453125 0.64453125 0.466796875 0.62744140625 0.4684244796875 0.623291015625 0.4654947921875 0.618896484375 0.4127604171875 0.58837890625 0.4046223953125 0.5869140625 0.3977864578125 0.591796875 0.35546875 0.636962890625 0.3557942703125 0.640625 0.3600260421875 0.6455078125 0.3893229171875 0.661865234375
12 0.3206380203125 0.754638671875 0.3277994796875 0.75439453125 0.3899739578125 0.73388671875 0.3938802078125 0.732421875 0.4000651046875 0.7275390625 0.4010416671875 0.72314453125 0.3902994796875 0.693359375 0.3818359375 0.671875 0.3759765625 0.666015625 0.3694661453125 0.665283203125 0.3590494796875 0.666748046875 0.3092447921875 0.681884765625 0.2919921875 0.689208984375 0.29296875 0.69970703125 0.310546875 0.741455078125 0.3157552078125 0.751708984375 0.3206380203125 0.754638671875
12 0.7320963546875 0.590576171875 0.7408854171875 0.58984375 0.7819010421875 0.568603515625 0.7854817703125 0.564208984375 0.78515625 0.56005859375 0.7770182296875 0.543212890625 0.7711588546875 0.53466796875 0.7666015625 0.523193359375 0.7607421875 0.518310546875 0.755859375 0.5166015625 0.748046875 0.517333984375 0.7340494796875 0.522216796875 0.71484375 0.531982421875 0.7106119796875 0.536376953125 0.7054036453125 0.5537109375 0.705078125 0.557373046875 0.716796875 0.58056640625 0.7236328125 0.58837890625 0.7320963546875 0.590576171875
10 0.208984375 0.58154296875 0.22981770781250002 0.582763671875 0.2877604171875 0.5830078125 0.29296875 0.58203125 0.294921875 0.58056640625 0.2991536453125 0.573486328125 0.3030598953125 0.52978515625 0.3030598953125 0.51806640625 0.3004557296875 0.514404296875 0.2962239578125 0.512939453125 0.2796223953125 0.51171875 0.21158854218749998 0.509033203125 0.20735677031250002 0.510009765625 0.205078125 0.511962890625 0.20345052031250002 0.521728515625 0.2001953125 0.566650390625 0.2001953125 0.57470703125 0.203125 0.57958984375 0.208984375 0.58154296875
10 0.3447265625 0.2314453125 0.3531901046875 0.22509765625 0.3834635421875 0.185546875 0.3857421875 0.1787109375 0.3763020828125 0.17138671875 0.3323567703125 0.146240234375 0.3199869796875 0.14013671875 0.3141276046875 0.138671875 0.310546875 0.139404296875 0.3024088546875 0.14697265625 0.2688802078125 0.190185546875 0.2685546875 0.196044921875 0.2731119796875 0.19970703125 0.3385416671875 0.233154296875 0.3447265625 0.2314453125
13 0.638671875 0.189208984375 0.640625 0.18994140625 0.6868489578125 0.189208984375 0.6982421875 0.186767578125 0.7044270828125 0.183349609375 0.7063802078125 0.1787109375 0.7054036453125 0.171142578125 0.6953125 0.1337890625 0.6923828125 0.12890625 0.6813151046875 0.126708984375 0.6754557296875 0.12744140625 0.6546223953125 0.126220703125 0.6357421875 0.12646484375 0.6285807296875 0.1298828125 0.6253255203125 0.133056640625 0.6240234375 0.13671875 0.6236979171875 0.1416015625 0.6334635421875 0.18212890625 0.6354166671875 0.186279296875 0.638671875 0.189208984375
13 0.7659505203125 0.30029296875 0.771484375 0.310791015625 0.7805989578125 0.3134765625 0.7897135421875 0.31982421875 0.7939453125 0.320068359375 0.7965494796875 0.319091796875 0.8238932296874999 0.3046875 0.8352864578125001 0.297119140625 0.8330078125 0.289794921875 0.8209635421874999 0.26904296875 0.8095703125 0.254150390625 0.8046875 0.2509765625 0.80078125 0.251708984375 0.7796223953125 0.260986328125 0.7568359375 0.272216796875 0.755859375 0.273681640625 0.7555338546875 0.276123046875 0.763671875 0.2822265625 0.7679036453125 0.2890625 0.7659505203125 0.30029296875
16 0.8248697921874999 0.5537109375 0.828125 0.5517578125 0.8346354171874999 0.5400390625 0.8453776046874999 0.50830078125 0.8434244796874999 0.504638671875 0.8349609375 0.5 0.8089192703125001 0.489990234375 0.7965494796875 0.48681640625 0.7932942703125 0.488037109375 0.7916666671875 0.490478515625 0.7900390625 0.49755859375 0.7809244796875 0.518798828125 0.7705078125 0.52490234375 0.7711588546875 0.53271484375 0.7779947921875 0.541748046875 0.8141276046874999 0.553466796875 0.8248697921874999 0.5537109375
16 0.1822916671875 0.506591796875 0.185546875 0.507568359375 0.2255859375 0.5068359375 0.2698567703125 0.5029296875 0.2763671875 0.5 0.2779947921875 0.496826171875 0.2783203125 0.489990234375 0.2734375 0.44482421875 0.2721354171875 0.4384765625 0.2688802078125 0.433837890625 0.2626953125 0.431640625 0.1884765625 0.43359375 0.1767578125 0.43603515625 0.1731770828125 0.43994140625 0.1728515625 0.446533203125 0.1780598953125 0.4951171875 0.1790364578125 0.50146484375 0.1822916671875 0.506591796875
15 0.3688151046875 0.431884765625 0.373046875 0.436279296875 0.4427083328125 0.42724609375 0.447265625 0.423828125 0.4488932296875 0.419921875 0.4482421875 0.4111328125 0.4388020828125 0.369384765625 0.4365234375 0.364501953125 0.4339192703125 0.362548828125 0.4293619796875 0.361328125 0.4208984375 0.361328125 0.3623046875 0.365478515625 0.3557942703125 0.36669921875 0.3502604171875 0.373779296875 0.3502604171875 0.3798828125 0.3567708328125 0.404296875 0.359375 0.407958984375 0.3688151046875 0.431884765625
15 0.5048828125 0.5517578125 0.5146484375 0.5546875 0.5198567703125 0.554931640625 0.5250651046875 0.552490234375 0.5335286453125 0.5439453125 0.5579427078125 0.5146484375 0.5602213546875 0.5107421875 0.560546875 0.505615234375 0.5582682296875 0.501953125 0.5403645828125 0.490234375 0.51171875 0.47314453125 0.5045572921875 0.470947265625 0.4983723953125 0.47314453125 0.4573567703125 0.517333984375 0.4560546875 0.519287109375 0.4563802078125 0.52294921875 0.4733072921875 0.53369140625 0.5048828125 0.5517578125
19 0.4915364578125 0.35791015625 0.5218098953125 0.37060546875 0.5257161453125 0.370849609375 0.5328776046875 0.3681640625 0.5384114578125 0.36328125 0.5582682296875 0.320556640625 0.5579427078125 0.314453125 0.5517578125 0.309814453125 0.5218098953125 0.299072265625 0.51171875 0.29345703125 0.4986979171875 0.288330078125 0.4951171875 0.287353515625 0.490234375 0.287841796875 0.4830729171875 0.292724609375 0.48046875 0.296142578125 0.4606119796875 0.339111328125 0.4596354171875 0.341796875 0.4606119796875 0.3447265625 0.4671223953125 0.34912109375 0.4915364578125 0.35791015625
0 0.71484375 0.68701171875 0.7229817703125 0.693115234375 0.73046875 0.69677734375 0.7376302078125 0.6982421875 0.7412109375 0.696533203125 0.7444661453125 0.693115234375 0.7571614578125 0.673828125 0.7623697921875 0.668212890625 0.76953125 0.656005859375 0.7698567703125 0.65087890625 0.7666015625 0.646728515625 0.7571614578125 0.641845703125 0.7340494796875 0.62646484375 0.7203776046875 0.621826171875 0.7125651046875 0.628662109375 0.7041015625 0.6416015625 0.6888020828125 0.652099609375 0.681640625 0.66064453125 0.6796875 0.664794921875 0.6793619796875 0.668212890625 0.6826171875 0.671875 0.6962890625 0.679443359375 0.71484375 0.68701171875
0 0.5960286453125 0.720703125 0.6012369796875 0.721435546875 0.609375 0.719482421875 0.6507161453125 0.70361328125 0.6572265625 0.7001953125 0.6604817703125 0.69677734375 0.6614583328125 0.692138671875 0.6555989578125 0.675048828125 0.6442057296875 0.647216796875 0.6402994796875 0.64404296875 0.6341145828125 0.6435546875 0.60546875 0.64892578125 0.5745442703125 0.661376953125 0.5696614578125 0.666015625 0.5699869796875 0.67236328125 0.583984375 0.70703125 0.5908203125 0.71728515625 0.5960286453125 0.720703125
0 0.255859375 0.6826171875 0.2607421875 0.6806640625 0.2698567703125 0.672119140625 0.3069661453125 0.630126953125 0.3089192703125 0.626953125 0.3089192703125 0.623779296875 0.3040364578125 0.619140625 0.28125 0.6064453125 0.24446614531250002 0.588623046875 0.23795572968749998 0.586181640625 0.23372395781250002 0.58642578125 0.2255859375 0.591796875 0.1822916671875 0.63720703125 0.1800130203125 0.641357421875 0.1803385421875 0.647216796875 0.18359375 0.64990234375 0.248046875 0.68115234375 0.255859375 0.6826171875
11 0.6888020828125 0.645751953125 0.6936848953125 0.64599609375 0.6966145828125 0.645263671875 0.703125 0.640869140625 0.7281901046875 0.607421875 0.7311197921875 0.602783203125 0.7311197921875 0.598876953125 0.724609375 0.591796875 0.71484375 0.586669921875 0.6920572921875 0.571044921875 0.685546875 0.568603515625 0.6780598953125 0.56787109375 0.6715494796875 0.5703125 0.6666666671875 0.57373046875 0.6451822921875 0.60205078125 0.6461588546875 0.6162109375 0.6497395828125 0.623291015625 0.6780598953125 0.640869140625 0.6888020828125 0.645751953125
7 0.8447265625 0.519287109375 0.841796875 0.5224609375 0.8375651046874999 0.535888671875 0.837890625 0.543212890625 0.8408203125 0.54638671875 0.849609375 0.54833984375 0.8909505203125001 0.54638671875 0.8971354171874999 0.544677734375 0.9000651046874999 0.540283203125 0.8994140625 0.506591796875 0.8977864578125001 0.4951171875 0.8889973953125001 0.493408203125 0.8557942703125001 0.49365234375 0.8414713546874999 0.494384765625 0.8362630203125001 0.4970703125 0.8365885421874999 0.49951171875 0.8434244796874999 0.50390625 0.8460286453125001 0.5107421875 0.8447265625 0.519287109375
7 0.8212890625 0.49267578125 0.8424479171874999 0.49267578125 0.8665364578125001 0.4892578125 0.873046875 0.4873046875 0.8756510421874999 0.484130859375 0.8756510421874999 0.47802734375 0.87109375 0.43994140625 0.8688151046874999 0.43701171875 0.8639322921874999 0.435546875 0.8245442703125001 0.4365234375 0.8177083328125001 0.438232421875 0.8050130203125001 0.445556640625 0.8095703125 0.484619140625 0.810546875 0.48779296875 0.8141276046874999 0.4912109375 0.8212890625 0.49267578125
7 0.8473307296874999 0.31640625 0.8626302078125001 0.31787109375 0.8733723953125001 0.31640625 0.9010416671874999 0.30908203125 0.9039713546874999 0.30712890625 0.9055989578125001 0.30224609375 0.9013671875 0.28857421875 0.8912760421874999 0.26220703125 0.8876953125 0.258544921875 0.8834635421874999 0.25830078125 0.8512369796874999 0.264404296875 0.8372395828125001 0.268798828125 0.8323567703125001 0.271484375 0.8313802078125001 0.27685546875 0.8330078125 0.283203125 0.8430989578125001 0.310791015625 0.8473307296874999 0.31640625
7 0.4010416671875 0.576904296875 0.4078776046875 0.575439453125 0.4134114578125 0.571044921875 0.4524739578125 0.529541015625 0.4534505203125 0.525634765625 0.4508463546875 0.520751953125 0.439453125 0.514404296875 0.4293619796875 0.507080078125 0.4007161453125 0.48974609375 0.3942057296875 0.487060546875 0.3902994796875 0.48681640625 0.3828125 0.489501953125 0.3763020828125 0.49462890625 0.3375651046875 0.531982421875 0.3359375 0.53515625 0.3369140625 0.539794921875 0.3421223953125 0.545166015625 0.3697916671875 0.56103515625 0.4010416671875 0.576904296875
7 0.2955729171875 0.48291015625 0.2998046875 0.484130859375 0.3079427078125 0.483154296875 0.3518880203125 0.47265625 0.3756510421875 0.466064453125 0.3782552078125 0.46435546875 0.37890625 0.458251953125 0.3776041671875 0.453125 0.359375 0.4111328125 0.3564453125 0.40576171875 0.3531901046875 0.40283203125 0.3453776046875 0.4013671875 0.3307291671875 0.404296875 0.279296875 0.4150390625 0.2701822921875 0.418212890625 0.267578125 0.420654296875 0.267578125 0.4267578125 0.2864583328125 0.470458984375 0.29296875 0.481201171875 0.2955729171875 0.48291015625
7 0.4466145828125 0.4287109375 0.4501953125 0.432373046875 0.4586588546875 0.435302734375 0.5159505203125 0.43603515625 0.51953125 0.435302734375 0.5263671875 0.4306640625 0.5279947921875 0.424072265625 0.5266927078125 0.382568359375 0.5257161453125 0.37646484375 0.5224609375 0.373046875 0.5159505203125 0.371337890625 0.4921875 0.37109375 0.4563802078125 0.368408203125 0.4456380203125 0.3720703125 0.4430338546875 0.375732421875 0.4430338546875 0.38330078125 0.4498697921875 0.4130859375 0.4495442703125 0.421875 0.4466145828125 0.4287109375
7 0.5846354171875 0.584716796875 0.5904947921875 0.58251953125 0.6022135421875 0.57080078125 0.6188151046875 0.551513671875 0.6243489578125 0.546875 0.626953125 0.539794921875 0.625 0.53564453125 0.6110026046875 0.526611328125 0.595703125 0.513427734375 0.5813802078125 0.504150390625 0.5735677078125 0.502197265625 0.5634765625 0.505126953125 0.5592447921875 0.514404296875 0.5289713546875 0.549560546875 0.5299479171875 0.553466796875 0.560546875 0.5751953125 0.5751953125 0.583984375 0.5846354171875 0.584716796875