1 0.51554223125 0.056181087500000004 0.42427787187500005 0.0772489953125 0.44253074375 0.2112192828125 0.53906815625 0.1879905640625 0.51554223125 0.056181087500000004
11 0.469301621875 0.240930434375 0.3796597390625 0.2771240203125 0.4080530953125 0.40245106249999996 0.5005343140625 0.364096665625 0.469301621875 0.240930434375
17 0.5917986749999999 0.22958617656250002 0.4940444046875 0.2301263796875 0.4960725015625 0.3570740296875 0.5917986749999999 0.360315246875 0.5917986749999999 0.22958617656250002
1 0.6794124609375001 0.26740037031249997 0.5922042937499999 0.30359395624999996 0.6193807921875 0.4245993765625 0.7094282953125 0.38462437031249996 0.6794124609375001 0.26740037031249997
17 0.5808469515625 0.3862449796875 0.48349830000000005 0.3673378828125 0.4705184796875 0.49104431562500006 0.5666502734375001 0.5126524265625 0.5808469515625 0.3862449796875
12 0.36302934531250003 0.4289209984375 0.31354378125000004 0.5331801328125 0.3934507984375 0.6050271 0.44699255625 0.49644634375 0.36302934531250003 0.4289209984375
14 0.6193807921875 0.421358159375 0.5625940796875 0.5164338468749999 0.6396617609375 0.5990848703125 0.6976653328125 0.495906140625 0.6193807921875 0.421358159375
7 0.3780372625 0.596924059375 0.3334191296875 0.71090684375 0.41941043906250003 0.7741105671875 0.46686790624999996 0.658507175 0.3780372625 0.596924059375
12 0.396695753125 0.7751909718750001 0.3013751984375 0.81354536875 0.327740459375 0.94535484375 0.42711720625 0.9053798390625 0.396695753125 0.7751909718750001
16 0.53541758125 0.74764063125 0.43847455 0.7508818484375 0.44131388437499997 0.8826913234375 0.537851296875 0.8783697015625 0.53541758125 0.74764063125
4 0.63195499375 0.7352159671875 0.53541758125 0.738457184375 0.5386625359375 0.8740480796875 0.6372280453125 0.871347065625 0.63195499375 0.7352159671875