21 0.11353806250000001 0.5501152078125 0.06487889218750001 0.668202765625 0.15674019687500002 0.7294739781249999 0.20670914218749997 0.606615203125 0.11353806250000001 0.5501152078125
0 0.344939446875 0.616359446875 0.2422145328125 0.6322004609375 0.24870242187499997 0.76180875625 0.351063871875 0.7513724171875 0.344939446875 0.616359446875
18 0.45090830468750004 0.581797234375 0.3633218 0.6235599078125 0.3914359859375 0.7488479265625 0.48551038125 0.707085253125 0.45090830468750004 0.581797234375
4 0.4312174921875 0.341870634375 0.3420950875 0.37312665156249997 0.3653712203125 0.49001312500000005 0.45608773437499994 0.45851810000000004 0.4312174921875 0.341870634375
12 0.4238754328125 0.2088133640625 0.342522171875 0.25766215312499996 0.3809598234375 0.362035234375 0.46445494062500003 0.3185227515625 0.4238754328125 0.2088133640625
13 0.5925804421875001 0.2215439484375 0.5060957296875 0.1999299046875 0.48943941406249997 0.3165319828125 0.5787001796875 0.3395680046875 0.5925804421875001 0.2215439484375
0 0.71109653125 0.43455603906249995 0.627174328125 0.38649323125 0.5893773046875 0.497407403125 0.6747943046875 0.5471765828125 0.71109653125 0.43455603906249995
19 0.730742440625 0.27956059375 0.6461796093750001 0.3188071453125 0.6822682921875 0.43199648125 0.7683259203125 0.387062021875 0.730742440625 0.27956059375
7 0.6491692046875001 0.5249937484375 0.5658876296875001 0.577038090625 0.6071013328125 0.6927869828125 0.6925183328125 0.63676110625 0.6491692046875001 0.5249937484375
7 0.7625364328125 0.72985975625 0.6860327765625 0.8087725125 0.7492858 0.9226466171875 0.823789359375 0.8387393812499999 0.7625364328125 0.72985975625
0 0.8025653765625 0.5670527015625 0.7134265671875 0.60872918125 0.7523062609375 0.7295488734375 0.8423442906249999 0.6869239625 0.8025653765625 0.5670527015625
9 0.8500406125 0.67325566875 0.7762870890625 0.7455091203124999 0.8367899796874999 0.859383225 0.90929344375 0.78047046875 0.8500406125 0.67325566875
18 0.7864402109374999 0.43594142187499996 0.7004039984375 0.48170868593750005 0.7409498 0.5962914765625 0.825997090625 0.5449267765625 0.7864402109374999 0.43594142187499996
15 0.50139779375 0.4317120859375 0.4168349625 0.48091247499999995 0.4546319859375 0.5921110421875 0.539576125 0.5414746546875 0.50139779375 0.4317120859375
7 0.7019142031250001 0.6296512234375 0.6220493078125 0.699328075 0.6822682921875 0.8116642234375 0.7589300515625 0.73459309375 0.7019142031250001 0.6296512234375
11 0.5502990265625 0.5369383515624999 0.46530911093749994 0.58670753125 0.5039603031250001 0.7047315859375 0.5925804421875001 0.6495588953125 0.5502990265625 0.5369383515624999
7 0.4059442953125 0.4738025921875 0.314975190625 0.5096364015625 0.3414544609375 0.631641990625 0.43477253281249995 0.5921110421875 0.4059442953125 0.4738025921875
18 0.6203409671875 0.4149327625 0.5571323875 0.3290453765625 0.489012328125 0.41009804218749996 0.552220909375 0.49996696093750004 0.6203409671875 0.4149327625