17 0.5955882359375 0.8315092171874999 0.629108996875 0.7004608296875 0.529628028125 0.6514976953125 0.492863321875 0.781105990625 0.5955882359375 0.8315092171874999
4 0.40419550156249995 0.696140553125 0.51448961875 0.7148617515625 0.5220588234375 0.5751728109375 0.416089965625 0.559331796875 0.40419550156249995 0.696140553125
15 0.688581315625 0.655817971875 0.7750865046875 0.588133640625 0.7221020765625 0.462845621875 0.6312716265625 0.5348502296875 0.688581315625 0.655817971875
12 0.575043253125 0.6860599078125 0.6637110734375 0.616935484375 0.6118079578125 0.4959677421875 0.520977509375 0.57373271875 0.575043253125 0.6860599078125
18 0.7523788921875 0.5247695859375 0.8507785468750001 0.47004608281250004 0.8064446359374999 0.337557603125 0.7037197234375 0.398041475 0.7523788921875 0.5247695859375
1 0.8345588234375001 0.3533986171875 0.9124134953124999 0.24971198125 0.8291522484374999 0.138824884375 0.7480536328125 0.25547235 0.8345588234375001 0.3533986171875
13 0.665873703125 0.406682028125 0.7664359859375 0.354838709375 0.72750865 0.21947004531249997 0.6193771625 0.275633640625 0.665873703125 0.406682028125
20 0.532871971875 0.5564516125 0.6128892734375 0.4815668203125 0.5490916953125 0.36923963125000003 0.46583045 0.45132488437499996 0.532871971875 0.5564516125
12 0.333910034375 0.5132488484375 0.43771626250000006 0.4815668203125 0.4128460203125 0.343317971875 0.3090397921875 0.3706797234375 0.333910034375 0.5132488484375
13 0.365268165625 0.35627880156249997 0.4582612453125 0.304435484375 0.416089965625 0.1661866359375 0.31552768124999997 0.22667050625 0.365268165625 0.35627880156249997
1 0.1457612453125 0.337557603125 0.262543253125 0.3706797234375 0.28092560624999996 0.232430875 0.16414359843749998 0.196428571875 0.1457612453125 0.337557603125
0 0.094939446875 0.544930875 0.206314878125 0.5478110593750001 0.20415224843750002 0.40812212031249995 0.0916955015625 0.40236175156250004 0.094939446875 0.544930875