1 0.575722128125 0.0772489953125 0.48445776875 0.056181087500000004 0.46093184374999996 0.1879905640625 0.55746925625 0.2112192828125 0.575722128125 0.0772489953125
11 0.6203402609374999 0.2771240203125 0.530698378125 0.240930434375 0.49946568593749996 0.364096665625 0.5919469046875 0.40245106249999996 0.6203402609374999 0.2771240203125
17 0.5059555953125 0.2301263796875 0.408201325 0.22958617656250002 0.408201325 0.360315246875 0.5039274984375 0.3570740296875 0.5059555953125 0.2301263796875
1 0.40779570625000006 0.30359395624999996 0.32058753906250004 0.26740037031249997 0.2905717046875 0.38462437031249996 0.3806192078125 0.4245993765625 0.40779570625000006 0.30359395624999996
17 0.5165017 0.3673378828125 0.4191530484375 0.3862449796875 0.4333497265625 0.5126524265625 0.5294815203125001 0.49104431562500006 0.5165017 0.3673378828125
12 0.68645621875 0.5331801328125 0.6369706546875 0.4289209984375 0.55300744375 0.49644634375 0.6065492015625 0.6050271 0.68645621875 0.5331801328125
14 0.43740592031250003 0.5164338468749999 0.3806192078125 0.421358159375 0.3023346671875 0.495906140625 0.3603382390625 0.5990848703125 0.43740592031250003 0.5164338468749999
7 0.6665808703125 0.71090684375 0.6219627375 0.596924059375 0.53313209375 0.658507175 0.5805895609375 0.7741105671875 0.6665808703125 0.71090684375
12 0.6986248015625 0.81354536875 0.603304246875 0.7751909718750001 0.5728827937500001 0.9053798390625 0.672259540625 0.94535484375 0.6986248015625 0.81354536875
16 0.56152545 0.7508818484375 0.46458241874999995 0.74764063125 0.462148703125 0.8783697015625 0.558686115625 0.8826913234375 0.56152545 0.7508818484375
4 0.46458241874999995 0.738457184375 0.36804500625 0.7352159671875 0.3627719546875 0.871347065625 0.4613374640625 0.8740480796875 0.46458241874999995 0.738457184375