21 0.9351211078125001 0.668202765625 0.8864619375 0.5501152078125 0.7932908578125 0.606615203125 0.843259803125 0.7294739781249999 0.9351211078125001 0.668202765625
0 0.7577854671875001 0.6322004609375 0.655060553125 0.616359446875 0.648936128125 0.7513724171875 0.751297578125 0.76180875625 0.7577854671875001 0.6322004609375
18 0.6366782 0.6235599078125 0.5490916953125 0.581797234375 0.51448961875 0.707085253125 0.6085640140625 0.7488479265625 0.6366782 0.6235599078125
4 0.6579049125 0.37312665156249997 0.5687825078125 0.341870634375 0.5439122656250001 0.45851810000000004 0.6346287796875 0.49001312500000005 0.6579049125 0.37312665156249997
12 0.657477828125 0.25766215312499996 0.5761245671874999 0.2088133640625 0.535545059375 0.3185227515625 0.6190401765625 0.362035234375 0.657477828125 0.25766215312499996
13 0.49390427031249995 0.1999299046875 0.4074195578125 0.2215439484375 0.4212998203125 0.3395680046875 0.5105605859375 0.3165319828125 0.49390427031249995 0.1999299046875
0 0.372825671875 0.38649323125 0.28890346875 0.43455603906249995 0.3252056953125 0.5471765828125 0.41062269531249995 0.497407403125 0.372825671875 0.38649323125
19 0.35382039062500004 0.3188071453125 0.269257559375 0.27956059375 0.2316740796875 0.387062021875 0.31773170781250004 0.43199648125 0.35382039062500004 0.3188071453125
7 0.43411237031249994 0.577038090625 0.3508307953125 0.5249937484375 0.3074816671875 0.63676110625 0.3928986671875 0.6927869828125 0.43411237031249994 0.577038090625
7 0.3139672234375 0.8087725125 0.2374635671875 0.72985975625 0.176210640625 0.8387393812499999 0.2507142 0.9226466171875 0.3139672234375 0.8087725125
0 0.2865734328125 0.60872918125 0.1974346234375 0.5670527015625 0.157655709375 0.6869239625 0.24769373906249997 0.7295488734375 0.2865734328125 0.60872918125
9 0.2237129109375 0.7455091203124999 0.14995938749999999 0.67325566875 0.09070655625 0.78047046875 0.1632100203125 0.859383225 0.2237129109375 0.7455091203124999
18 0.2995960015625 0.48170868593750005 0.2135597890625 0.43594142187499996 0.17400290937500001 0.5449267765625 0.2590502 0.5962914765625 0.2995960015625 0.48170868593750005
15 0.5831650374999999 0.48091247499999995 0.49860220625 0.4317120859375 0.46042387500000004 0.5414746546875 0.5453680140625 0.5921110421875 0.5831650374999999 0.48091247499999995
7 0.3779506921875 0.699328075 0.29808579687500003 0.6296512234375 0.2410699484375 0.73459309375 0.31773170781250004 0.8116642234375 0.3779506921875 0.699328075
11 0.5346908890625001 0.58670753125 0.44970097343750004 0.5369383515624999 0.4074195578125 0.6495588953125 0.49603969687499994 0.7047315859375 0.5346908890625001 0.58670753125
7 0.685024809375 0.5096364015625 0.5940557046875 0.4738025921875 0.5652274671875 0.5921110421875 0.6585455390625 0.631641990625 0.685024809375 0.5096364015625
18 0.4428676125 0.3290453765625 0.3796590328125 0.4149327625 0.447779090625 0.49996696093750004 0.5109876718749999 0.41009804218749996 0.4428676125 0.3290453765625