17 0.470371971875 0.3485023046875 0.507136678125 0.21889400937499998 0.4044117640625 0.16849078281250002 0.370891003125 0.2995391703125 0.470371971875 0.3485023046875
4 0.4779411765625 0.42482718906250005 0.583910034375 0.440668203125 0.5958044984375 0.303859446875 0.48551038125 0.2851382484375 0.4779411765625 0.42482718906250005
15 0.27789792343749997 0.537154378125 0.3687283734375 0.4651497703125 0.31141868437500003 0.344182028125 0.2249134953125 0.411866359375 0.27789792343749997 0.537154378125
12 0.3881920421875 0.5040322578125 0.47902249062499996 0.42626728125 0.42495674687499996 0.3139400921875 0.3362889265625 0.383064515625 0.3881920421875 0.5040322578125
18 0.1935553640625 0.6624423968750001 0.2962802765625 0.601958525 0.2476211078125 0.4752304140625 0.149221453125 0.5299539171875 0.1935553640625 0.6624423968750001
1 0.1708477515625 0.8611751156249999 0.2519463671875 0.74452765 0.1654411765625 0.6466013828125 0.0875865046875 0.75028801875 0.1708477515625 0.8611751156249999
13 0.27249135 0.7805299546875 0.3806228375 0.724366359375 0.334126296875 0.593317971875 0.2335640140625 0.645161290625 0.27249135 0.7805299546875
20 0.45090830468750004 0.6307603687500001 0.53416955 0.548675115625 0.467128028125 0.44354838750000003 0.3871107265625 0.5184331796875 0.45090830468750004 0.6307603687500001
12 0.5871539796875 0.656682028125 0.6909602078125 0.6293202765625 0.666089965625 0.4867511515625 0.5622837374999999 0.5184331796875 0.5871539796875 0.656682028125
13 0.583910034375 0.8338133640625 0.6844723187499999 0.77332949375 0.6347318343749999 0.6437211984375 0.5417387546875 0.695564515625 0.583910034375 0.8338133640625
1 0.7190743937499999 0.767569125 0.8358564015625 0.8035714281249999 0.8542387546875 0.6624423968750001 0.737456746875 0.6293202765625 0.7190743937499999 0.767569125
0 0.7958477515625 0.5918778796875 0.9083044984375 0.5976382484375 0.905060553125 0.45506912499999996 0.7936851218750001 0.452188940625 0.7958477515625 0.5918778796875