19 0.5112342421875 0.9171277 0.585010209375 0.9340482625 0.6007471578125 0.8325248890625 0.5239393015625 0.8165657234375001 0.5112342421875 0.9171277
10 0.43934102968750005 0.5451552453125 0.5122905453125 0.502735909375 0.48064483906250005 0.4050345984375 0.40605139062499995 0.44800128125 0.43934102968750005 0.5451552453125
20 0.3665970046875 0.5837431578125 0.43831357187500003 0.5426921874999999 0.40605139062499995 0.44553822343749994 0.3314579421875 0.49042061718749996 0.3665970046875 0.5837431578125
1 0.272070871875 0.5714278671875 0.3129636984375 0.6603716359375 0.38262535 0.609194759375 0.3421435046875 0.5205246625 0.272070871875 0.5714278671875
0 0.415093021875 0.6677608109375 0.4876315546875 0.6278045328124999 0.45845174687499995 0.5336609734375 0.3852967390625 0.5722488859375 0.415093021875 0.6677608109375
16 0.159461478125 0.5519970734374999 0.223780346875 0.48604184687499996 0.17096900625 0.4028452140625 0.1041842390625 0.471537171875 0.159461478125 0.5519970734374999
16 0.248233846875 0.503556928125 0.3176900046875 0.46004290000000003 0.28419487499999996 0.3637099546875 0.21124535937500002 0.40804500312499997 0.248233846875 0.503556928125
8 0.32899204375 0.49069429062500003 0.4015305765625 0.4471802625 0.3680354453125 0.3481105859375 0.2944694546875 0.39271930781250003 0.32899204375 0.49069429062500003
5 0.29323650625000003 0.392445634375 0.3694738875 0.3478369140625 0.33392384062499997 0.24739887187499998 0.2554260515625 0.293375959375 0.29323650625000003 0.392445634375
9 0.2850168421875 0.2695663953125 0.363720121875 0.23508358125 0.3368007234375 0.1245196328125 0.2564535109375 0.160097140625 0.2850168421875 0.2695663953125
18 0.370295853125 0.2265997140625 0.44632774375000006 0.17733854843750002 0.4097502390625 0.070058678125 0.3333073671875 0.118772496875 0.370295853125 0.2265997140625
7 0.42413465156249996 0.31773286875 0.499344575 0.2714821078125 0.4637945296875 0.1672126421875 0.388790096875 0.21674747968750002 0.42413465156249996 0.31773286875
4 0.580719246875 0.3303218328125 0.66373785 0.3204696 0.6600390015625 0.209631978125 0.5745544984375 0.2178421734375 0.580719246875 0.3303218328125
4 0.690862740625 0.2646402796875 0.770798971875 0.213737075 0.7362763828125 0.111383321875 0.6553126953125 0.16420223750000001 0.690862740625 0.2646402796875
11 0.65962801875 0.369457090625 0.7440850640625001 0.3825934015625 0.757647509375 0.2720294546875 0.6711355484375 0.2591668171875 0.65962801875 0.369457090625
7 0.758880459375 0.34263712343749997 0.8462143859375001 0.32074327343750003 0.8353233328125 0.209631978125 0.7477839125 0.23316786875 0.758880459375 0.34263712343749997
10 0.8433375046875 0.2356309265625 0.9212188187500001 0.2818816875 0.9623171375 0.1767912015625 0.8832028734374999 0.1250669796875 0.8433375046875 0.2356309265625
0 0.7607298828125 0.46743207499999995 0.8443649625 0.43240191250000004 0.82463776875 0.32731142812499997 0.74059170625 0.3626152625 0.7607298828125 0.46743207499999995
0 0.6506723812499999 0.72672868125 0.729695921875 0.7143072578125 0.7210474234375 0.6131291171875 0.6413455671875 0.62306625625 0.6506723812499999 0.72672868125
7 0.7339353828124999 0.630970796875 0.8165200718750001 0.61877521875 0.8109239828125 0.5114992875000001 0.7268130890625 0.5236948671875 0.7339353828124999 0.630970796875
8 0.64202388125 0.625776384375 0.7215561578125 0.612903271875 0.714433865625 0.5087891578125 0.6315100203124999 0.522565646875 0.64202388125 0.625776384375
17 0.5551997328125 0.6117740515625 0.6237094125 0.558700696875 0.58301059375 0.46723385000000006 0.5134834421875001 0.5223398031250001 0.5551997328125 0.6117740515625
2 0.4921165625 0.7429894546875 0.5572346734375 0.68630259375 0.5136530203125 0.6000301609375 0.4478565953125 0.6592013062500001 0.4921165625 0.7429894546875
10 0.37757707812499997 0.8332936203125 0.4386694609375 0.7698456703125001 0.386357940625 0.6902247125 0.3271338265625 0.760141865625 0.37757707812499997 0.8332936203125
1 0.41942629531250003 0.8026893140625001 0.4846288671875 0.8509595203125 0.5279726984375 0.7661134374999999 0.45940724218750006 0.713862184375 0.41942629531250003 0.8026893140625001
19 0.478174603125 0.40857248437499993 0.5526740875 0.36803803125 0.5228473375 0.26609755625 0.4467273484375 0.31071882500000003 0.478174603125 0.40857248437499993
4 0.40390623281250004 0.44941946093749996 0.477686640625 0.40641791562499996 0.44434212031250003 0.30675078125 0.3702599546875 0.34935044375 0.40390623281250004 0.44941946093749996
18 0.5950714171875 0.49000970625000007 0.6702097453125 0.45022322812500004 0.641995153125 0.3501542109375 0.5656497828125 0.39094539687499996 0.5950714171875 0.49000970625000007
18 0.5132943625 0.507089759375 0.587376528125 0.465092921875 0.5568987328125 0.3656267296875 0.48266568593750003 0.4072216828125 0.5132943625 0.507089759375