19 0.585010209375 0.0659517375 0.5112342421875 0.0828723 0.5239393015625 0.1834342765625 0.6007471578125 0.1674751109375 0.585010209375 0.0659517375
10 0.5122905453125 0.497264090625 0.43934102968750005 0.45484475468749996 0.40605139062499995 0.55199871875 0.48064483906250005 0.5949654015625 0.5122905453125 0.497264090625
20 0.43831357187500003 0.4573078125 0.3665970046875 0.41625684218750003 0.3314579421875 0.5095793828125 0.40605139062499995 0.5544617765625001 0.43831357187500003 0.4573078125
1 0.3129636984375 0.3396283640625 0.272070871875 0.42857213281249995 0.3421435046875 0.4794753375 0.38262535 0.390805240625 0.3129636984375 0.3396283640625
0 0.4876315546875 0.37219546718749996 0.415093021875 0.3322391890625 0.3852967390625 0.4277511140625 0.45845174687499995 0.4663390265625 0.4876315546875 0.37219546718749996
16 0.223780346875 0.513958153125 0.159461478125 0.4480029265625 0.1041842390625 0.528462828125 0.17096900625 0.5971547859374999 0.223780346875 0.513958153125
16 0.3176900046875 0.5399571 0.248233846875 0.49644307187500003 0.21124535937500002 0.591954996875 0.28419487499999996 0.6362900453125 0.3176900046875 0.5399571
8 0.4015305765625 0.5528197375 0.32899204375 0.509305709375 0.2944694546875 0.6072806921875 0.3680354453125 0.6518894140625 0.4015305765625 0.5528197375
5 0.3694738875 0.6521630859374999 0.29323650625000003 0.607554365625 0.2554260515625 0.7066240406250001 0.33392384062499997 0.752601128125 0.3694738875 0.6521630859374999
9 0.363720121875 0.76491641875 0.2850168421875 0.7304336046875 0.2564535109375 0.839902859375 0.3368007234375 0.8754803671875001 0.363720121875 0.76491641875
18 0.44632774375000006 0.8226614515625 0.370295853125 0.7734002859375 0.3333073671875 0.881227503125 0.4097502390625 0.9299413218750001 0.44632774375000006 0.8226614515625
7 0.499344575 0.7285178921875 0.42413465156249996 0.6822671312499999 0.388790096875 0.7832525203125 0.4637945296875 0.8327873578125 0.499344575 0.7285178921875
4 0.66373785 0.6795304 0.580719246875 0.6696781671875 0.5745544984375 0.7821578265625 0.6600390015625 0.790368021875 0.66373785 0.6795304
4 0.770798971875 0.7862629250000001 0.690862740625 0.7353597203125 0.6553126953125 0.8357977625 0.7362763828125 0.8886166781249999 0.770798971875 0.7862629250000001
11 0.7440850640625001 0.6174065984375 0.65962801875 0.630542909375 0.6711355484375 0.7408331828125 0.757647509375 0.7279705453124999 0.7440850640625001 0.6174065984375
7 0.8462143859375001 0.6792567265625 0.758880459375 0.6573628765625 0.7477839125 0.7668321312499999 0.8353233328125 0.790368021875 0.8462143859375001 0.6792567265625
10 0.9212188187500001 0.7181183124999999 0.8433375046875 0.7643690734375 0.8832028734374999 0.8749330203125 0.9623171375 0.8232087984375 0.9212188187500001 0.7181183124999999
0 0.8443649625 0.5675980875 0.7607298828125 0.532567925 0.74059170625 0.6373847375 0.82463776875 0.672688571875 0.8443649625 0.5675980875
0 0.729695921875 0.2856927421875 0.6506723812499999 0.27327131875 0.6413455671875 0.37693374375 0.7210474234375 0.3868708828125 0.729695921875 0.2856927421875
7 0.8165200718750001 0.38122478125 0.7339353828124999 0.369029203125 0.7268130890625 0.4763051328125 0.8109239828125 0.48850071249999993 0.8165200718750001 0.38122478125
8 0.7215561578125 0.387096728125 0.64202388125 0.374223615625 0.6315100203124999 0.47743435312500004 0.714433865625 0.4912108421875 0.7215561578125 0.387096728125
17 0.6237094125 0.441299303125 0.5551997328125 0.3882259484375 0.5134834421875001 0.47766019687499994 0.58301059375 0.5327661499999999 0.6237094125 0.441299303125
2 0.5572346734375 0.31369740625000003 0.4921165625 0.2570105453125 0.4478565953125 0.34079869375 0.5136530203125 0.3999698390625 0.5572346734375 0.31369740625000003
10 0.4386694609375 0.2301543296875 0.37757707812499997 0.1667063796875 0.3271338265625 0.239858134375 0.386357940625 0.3097752875 0.4386694609375 0.2301543296875
1 0.4846288671875 0.1490404796875 0.41942629531250003 0.1973106859375 0.45940724218750006 0.28613781562499996 0.5279726984375 0.2338865625 0.4846288671875 0.1490404796875
19 0.5526740875 0.63196196875 0.478174603125 0.5914275156250001 0.4467273484375 0.689281175 0.5228473375 0.73390244375 0.5526740875 0.63196196875
4 0.477686640625 0.593582084375 0.40390623281250004 0.5505805390625 0.3702599546875 0.65064955625 0.44434212031250003 0.69324921875 0.477686640625 0.593582084375
18 0.6702097453125 0.549776771875 0.5950714171875 0.5099902937499999 0.5656497828125 0.6090546031249999 0.641995153125 0.6498457890625 0.6702097453125 0.549776771875
18 0.587376528125 0.534907078125 0.5132943625 0.492910240625 0.48266568593750003 0.5927783171875001 0.5568987328125 0.6343732703125 0.587376528125 0.534907078125