1 0.42427787187500005 0.9227510046875 0.51554223125 0.9438189124999999 0.53906815625 0.8120094359375001 0.44253074375 0.7887807171875 0.42427787187500005 0.9227510046875
11 0.3796597390625 0.7228759796875 0.469301621875 0.759069565625 0.5005343140625 0.635903334375 0.4080530953125 0.5975489375 0.3796597390625 0.7228759796875
17 0.4940444046875 0.7698736203125 0.5917986749999999 0.7704138234375 0.5917986749999999 0.639684753125 0.4960725015625 0.6429259703125 0.4940444046875 0.7698736203125
1 0.5922042937499999 0.6964060437499999 0.6794124609375001 0.7325996296875 0.7094282953125 0.6153756296874999 0.6193807921875 0.5754006234375 0.5922042937499999 0.6964060437499999
17 0.48349830000000005 0.6326621171875 0.5808469515625 0.6137550203125001 0.5666502734375001 0.4873475734375 0.4705184796875 0.5089556843749999 0.48349830000000005 0.6326621171875
12 0.31354378125000004 0.4668198671875 0.36302934531250003 0.5710790015625 0.44699255625 0.50355365625 0.3934507984375 0.3949729 0.31354378125000004 0.4668198671875
14 0.5625940796875 0.48356615312500006 0.6193807921875 0.578641840625 0.6976653328125 0.504093859375 0.6396617609375 0.40091512968750004 0.5625940796875 0.48356615312500006
7 0.3334191296875 0.28909315625 0.3780372625 0.40307594062499996 0.46686790624999996 0.341492825 0.41941043906250003 0.22588943281249999 0.3334191296875 0.28909315625
12 0.3013751984375 0.18645463125 0.396695753125 0.224809028125 0.42711720625 0.0946201609375 0.327740459375 0.05464515625000001 0.3013751984375 0.18645463125
16 0.43847455 0.2491181515625 0.53541758125 0.25235936875 0.537851296875 0.12163029843749999 0.44131388437499997 0.11730867656249999 0.43847455 0.2491181515625
4 0.53541758125 0.26154281562500004 0.63195499375 0.2647840328125 0.6372280453125 0.128652934375 0.5386625359375 0.1259519203125 0.53541758125 0.26154281562500004