13 0.32631559062500004 0.06856419687500001 0.1632878015625 0.0941892 0.1846088203125 0.3099240234375 0.34633654687500004 0.2933024 0.32631559062500004 0.06856419687500001
16 0.44280115625 0.051603215625 0.32839569062499996 0.20466066718749998 0.44020103125 0.359103253125 0.5535664484375 0.21124005937499998 0.44280115625 0.051603215625
5 0.3866384734375 0.2984966578125 0.2288109328125 0.30576861875 0.24181155312499997 0.5131926296875 0.3959989203125 0.508690940625 0.3866384734375 0.2984966578125
8 0.1970894171875 0.42281255156249997 0.0358817140625 0.376064234375 0.0163807828125 0.5703294609375 0.1721282234375 0.620540615625 0.1970894171875 0.42281255156249997
16 0.33281590156249996 0.7677112421875 0.22777088281250002 0.638893659375 0.12402592500000001 0.7829477296875 0.23297113125000002 0.908648759375 0.33281590156249996 0.7677112421875
21 0.46880239843749993 0.8148058421875 0.3302157765625 0.7514359015625 0.28107342968750004 0.9370440328124999 0.4165399015625 0.9990288375 0.46880239843749993 0.8148058421875
13 0.5650069953125 0.6177703453125 0.41133965312500004 0.6070355468749999 0.40249923125000003 0.7978379343750001 0.5504462984375 0.8161909765625 0.5650069953125 0.6177703453125
13 0.5522663859375 0.39164700625000004 0.3941788328125 0.40342065624999995 0.4061394046875 0.608766965625 0.5611068078125 0.5966470312500001 0.5522663859375 0.39164700625000004
2 0.39937908125 0.5114612109375 0.25065197499999997 0.512153778125 0.2568922734375 0.7091892750000001 0.40691944218750004 0.7060727203125 0.39937908125 0.5114612109375
3 0.7279554453125 0.344643571875 0.5691744203125 0.32841381875 0.5551959546874999 0.5374912203125 0.714693825 0.5561077015625 0.7279554453125 0.344643571875
20 0.8727580046875 0.1909382671875 0.7258049125 0.0959464796875 0.649102565625 0.301205115625 0.7992814578125 0.3895140640625 0.8727580046875 0.1909382671875
15 0.8853027812500001 0.5117145546875 0.7240128015625 0.49834887656250004 0.711826446875 0.7064715859375 0.8695322046875 0.716973190625 0.8853027812500001 0.5117145546875
15 0.7096839421875 0.7658542046875 0.563858475 0.7285815875 0.526150071875 0.9141599875 0.6710917484375 0.960064159375 0.7096839421875 0.7658542046875
14 0.723529996875 0.556735203125 0.568572025 0.5375103796875 0.5579665375 0.7387825140625 0.7088001515625 0.7540839046875 0.723529996875 0.556735203125