13 0.6736844093750001 0.9314358031250001 0.8367121984375 0.9058108 0.8153911796875001 0.6900759765625 0.653663453125 0.7066976 0.6736844093750001 0.9314358031250001
16 0.55719884375 0.948396784375 0.6716043093749999 0.7953393328125 0.55979896875 0.640896746875 0.4464335515625 0.788759940625 0.55719884375 0.948396784375
5 0.6133615265625 0.7015033421875 0.7711890671875 0.6942313812500001 0.758188446875 0.4868073703125 0.6040010796875 0.49130905937499997 0.6133615265625 0.7015033421875
8 0.8029105828124999 0.5771874484375 0.9641182859375 0.623935765625 0.9836192171875 0.4296705390625 0.8278717765625 0.379459384375 0.8029105828124999 0.5771874484375
16 0.6671840984374999 0.2322887578125 0.7722291171875 0.361106340625 0.875974075 0.21705227031250002 0.76702886875 0.091351240625 0.6671840984374999 0.2322887578125
21 0.5311976015625001 0.18519415781249998 0.6697842234375 0.2485640984375 0.7189265703125 0.06295596718749999 0.5834600984375 0.0009711625 0.5311976015625001 0.18519415781249998
13 0.4349930046875 0.38222965468750003 0.588660346875 0.392964453125 0.59750076875 0.202162065625 0.44955370156249996 0.1838090234375 0.4349930046875 0.38222965468750003
13 0.4477336140625 0.60835299375 0.6058211671875 0.59657934375 0.5938605953125 0.391233034375 0.4388931921875 0.40335296875 0.4477336140625 0.60835299375
2 0.60062091875 0.48853878906250003 0.749348025 0.48784622187500004 0.7431077265625 0.290810725 0.5930805578125 0.2939272796875 0.60062091875 0.48853878906250003
3 0.2720445546875 0.655356428125 0.43082557968749996 0.67158618125 0.44480404531250006 0.46250877968750004 0.285306175 0.4438922984375 0.2720445546875 0.655356428125
20 0.1272419953125 0.8090617328124999 0.2741950875 0.9040535203125 0.350897434375 0.698794884375 0.20071854218750002 0.6104859359375 0.1272419953125 0.8090617328124999
15 0.11469721875000001 0.48828544531249995 0.2759871984375 0.5016511234375 0.288173553125 0.29352841406249996 0.1304677953125 0.283026809375 0.11469721875000001 0.48828544531249995
15 0.29031605781250003 0.2341457953125 0.43614152500000003 0.2714184125 0.47384992812500004 0.08584001249999999 0.32890825156250003 0.039935840625 0.29031605781250003 0.2341457953125
14 0.276470003125 0.443264796875 0.43142797499999996 0.4624896203125 0.4420334625 0.2612174859375 0.2911998484375 0.2459160953125 0.276470003125 0.443264796875