5 0.34529988437500003 0.860791090625 0.4498269890625 0.9788786484375 0.541378315625 0.83582949375 0.43180507500000004 0.7148617515625 0.34529988437500003 0.860791090625
13 0.6444636671875 0.7974270359375 0.7821510953125 0.860791090625 0.82972895 0.684139784375 0.6905997687500001 0.6217357906250001 0.6444636671875 0.7974270359375
13 0.3517877734375 0.7571044546875 0.4829873125 0.69854070625 0.4426182234375 0.5238095234375 0.3078143015625 0.5862135171875 0.3517877734375 0.7571044546875
13 0.2688869671875 0.593894009375 0.399365628125 0.53917050625 0.3575547859375 0.36443932343749996 0.2306805078125 0.42780337968750004 0.2688869671875 0.593894009375
3 0.16219723125000002 0.7254224265625 0.2933967703125 0.667818740625 0.250144175 0.5017281109375 0.1218281421875 0.5564516125 0.16219723125000002 0.7254224265625
15 0.068483275 0.4383640546875 0.1816609 0.52860983125 0.25446943437499997 0.383640553125 0.13336216875 0.28955453124999997 0.068483275 0.4383640546875
15 0.1344993171875 0.281129421875 0.2565559671875 0.374243284375 0.3199543234375 0.215634078125 0.2026377390625 0.1296221203125 0.1344993171875 0.281129421875
20 0.29743901875 0.271660215625 0.4218657 0.346624765625 0.481709009375 0.18170275625 0.3525422640625 0.10200360312500001 0.29743901875 0.271660215625
16 0.5202220296875 0.26613651250000003 0.6541288390625 0.197484765625 0.6013956265625 0.027039053125 0.4740064046875 0.09253439687500001 0.5202220296875 0.26613651250000003
16 0.401720428125 0.5360088921874999 0.5308871734375 0.477615453125 0.48763408906250005 0.30480243749999997 0.3620223921875 0.3624067765625 0.401720428125 0.5360088921874999
14 0.5379972703125 0.4941865640625 0.6689415390625 0.440527728125 0.6262809625 0.2685038140625 0.4929666609375 0.3253190515625 0.5379972703125 0.4941865640625
2 0.652351315625 0.385290690625 0.7915906968749999 0.3529375703125 0.7702604078124999 0.1714444484375 0.6280584874999999 0.205375771875 0.652351315625 0.385290690625
8 0.5374047625 0.6875161921874999 0.6760516359375 0.661475875 0.66005391875 0.4815609546875 0.5190370140625 0.5044448703125 0.5374047625 0.6875161921874999
21 0.664201475 0.585722225 0.7927757125 0.6646322765625 0.8532115296875 0.4957647640625 0.7175271953125 0.4144874109375 0.664201475 0.585722225