13 0.21364471406250002 0.07587505 0.0975096390625 0.20136071093750002 0.1977583125 0.3749978453125 0.30841531718750004 0.245864346875 0.21364471406250002 0.07587505
13 0.4696299375 0.198626553125 0.313456703125 0.15673261562500002 0.28681103281250003 0.3597949984375 0.43928347968750003 0.40218180625000005 0.4696299375 0.198626553125
13 0.6328346671875 0.351416209375 0.484803165625 0.379016921875 0.5040472609375 0.57715060625 0.6528189203125 0.5490570234375001 0.6328346671875 0.351416209375
14 0.7967795546875001 0.30508644375 0.637645690625 0.3326871546875 0.65577955 0.53279231875 0.8089921531250001 0.5101203046875 0.7967795546875001 0.30508644375
15 0.9514724734375 0.20897682031249998 0.79196853125 0.2577709359375 0.8212047531250001 0.46083331875000005 0.9770079078125 0.40464615468750004 0.9514724734375 0.20897682031249998
15 0.7912283734375001 0.51357039375 0.6446771874999999 0.5357495375 0.660960653125 0.72451869375 0.8075118390625 0.7028324203125 0.7912283734375001 0.51357039375
3 0.6387559265625 0.15870409531250002 0.4807323 0.1143458078125 0.4507559203125 0.3198725390625 0.6010078937500001 0.3632450859375 0.6387559265625 0.15870409531250002
16 0.3301680984375 0.363356715625 0.1814262625 0.38807235 0.2044161546875 0.5817396359375 0.35066511093749997 0.5548106609375 0.3301680984375 0.363356715625
8 0.19084380781250002 0.463325925 0.05124253125 0.49283712968750004 0.079495171875 0.677651053125 0.2240822078125 0.6503531875 0.19084380781250002 0.463325925
5 0.26673815312500004 0.6164153015625 0.1332305828125 0.7049489171875 0.20303122187499997 0.8650472078125 0.3309990578125 0.7835225015625 0.26673815312500004 0.6164153015625
16 0.44871838750000004 0.6333842453125 0.3055162859375 0.6592065500000001 0.334599884375 0.842913803125 0.4742011609375 0.81635371875 0.44871838750000004 0.6333842453125
21 0.6520265953125 0.5942818984375 0.5060546265625 0.588748546875 0.5007918796874999 0.7835225015625 0.6451019296875 0.790900303125 0.6520265953125 0.5942818984375
2 0.48528062656250004 0.42975692812500005 0.3370927640625 0.4533658921875 0.359251696875 0.6488776281249999 0.5063316125 0.6212108734374999 0.48528062656250004 0.42975692812500005