15 0.7753894671875 0.1793106390625 0.6445981765625 0.14231003125 0.6157471578125 0.3193437109375 0.75038525 0.3546365984375 0.7753894671875 0.1793106390625
3 0.7593611234375001 0.356913559375 0.6279286984375 0.32247453125000003 0.601428503125 0.4969466296875 0.7345706171875 0.530531796875 0.7593611234375001 0.356913559375
15 0.9209268343750001 0.44457653906249994 0.8070187328125 0.3509365375 0.73435690625 0.502069790625 0.8508295421875 0.5957097921875001 0.9209268343750001 0.44457653906249994
13 0.733715771875 0.5311010375 0.6027107703125 0.49723125 0.5740734625 0.6688571484375 0.70636073125 0.7047192765625 0.733715771875 0.5311010375
16 0.649727246875 0.6796727109375 0.5321860546875 0.7568047484375 0.5954445875000001 0.9187535640625001 0.7125583578125 0.8356445046875001 0.649727246875 0.6796727109375
20 0.9125920953125 0.6039637734375 0.7715426640625 0.61221775625 0.7768854468749999 0.789820675 0.9151566296875 0.78156669375 0.9125920953125 0.6039637734375
5 0.465275071875 0.149717515625 0.3295985984375 0.14880645625 0.328458459375 0.3319295015625 0.46595915468750004 0.33466268125 0.465275071875 0.149717515625
13 0.3138646875 0.1460732765625 0.17043527187500002 0.16884977343750002 0.193238040625 0.349543328125 0.330510709375 0.33010738281249996 0.3138646875 0.1460732765625
16 0.6146332078125 0.21713595 0.48511348125 0.180997240625 0.4582062140625 0.3556170609375 0.5895501624999999 0.3908447109375 0.6146332078125 0.21713595
13 0.605740128125 0.4728401046875 0.4992511984375 0.3638166 0.418073340625 0.5050308890624999 0.5229660765624999 0.6125359609375 0.605740128125 0.4728401046875
8 0.44452455312500005 0.3975258171875 0.316829046875 0.338003234375 0.27053942656249996 0.50320876875 0.39960309843749997 0.56546453125 0.44452455312500005 0.3975258171875
2 0.4680114046875 0.60069218125 0.3387197046875 0.5508875718749999 0.30269133125000003 0.726418453125 0.430842890625 0.7740972562499999 0.4680114046875 0.60069218125
14 0.27395984218749997 0.5903668359375 0.1337228140625 0.6371345796875 0.1683830234375 0.8081101593750001 0.306111746875 0.7655940296875 0.27395984218749997 0.5903668359375
21 0.18799340312499999 0.5010829625000001 0.10955187968749999 0.34377328125 0 0.44975992031249995 0.0669107015625 0.6034253625 0.18799340312499999 0.5010829625000001