5 0.5501730109375 0.9788786484375 0.6547001156250001 0.860791090625 0.568194925 0.7148617515625 0.458621684375 0.83582949375 0.5501730109375 0.9788786484375
13 0.21784890468749998 0.860791090625 0.35553633281249997 0.7974270359375 0.30940023125 0.6217357906250001 0.17027105 0.684139784375 0.21784890468749998 0.860791090625
13 0.5170126875000001 0.69854070625 0.6482122265625 0.7571044546875 0.6921856984375 0.5862135171875 0.5573817765625 0.5238095234375 0.5170126875000001 0.69854070625
13 0.600634371875 0.53917050625 0.7311130328125001 0.593894009375 0.7693194921875001 0.42780337968750004 0.6424452140625 0.36443932343749996 0.600634371875 0.53917050625
3 0.7066032296875 0.667818740625 0.8378027687499999 0.7254224265625 0.8781718578125 0.5564516125 0.749855825 0.5017281109375 0.7066032296875 0.667818740625
15 0.8183391 0.52860983125 0.931516725 0.4383640546875 0.8666378312499999 0.28955453124999997 0.745530565625 0.383640553125 0.8183391 0.52860983125
15 0.7434440328125 0.374243284375 0.8655006828125 0.281129421875 0.7973622609375 0.1296221203125 0.6800456765625 0.215634078125 0.7434440328125 0.374243284375
20 0.5781343 0.346624765625 0.70256098125 0.271660215625 0.6474577359375 0.10200360312500001 0.518290990625 0.18170275625 0.5781343 0.346624765625
16 0.3458711609375 0.197484765625 0.4797779703125 0.26613651250000003 0.5259935953125 0.09253439687500001 0.3986043734375 0.027039053125 0.3458711609375 0.197484765625
16 0.46911282656250003 0.477615453125 0.598279571875 0.5360088921874999 0.6379776078125 0.3624067765625 0.5123659109375 0.30480243749999997 0.46911282656250003 0.477615453125
14 0.3310584609375 0.440527728125 0.46200272968749995 0.4941865640625 0.5070333390624999 0.3253190515625 0.3737190375 0.2685038140625 0.3310584609375 0.440527728125
2 0.208409303125 0.3529375703125 0.347648684375 0.385290690625 0.37194151249999996 0.205375771875 0.2297395921875 0.1714444484375 0.208409303125 0.3529375703125
8 0.3239483640625 0.661475875 0.4625952375 0.6875161921874999 0.4809629859375 0.5044448703125 0.33994608125000003 0.4815609546875 0.3239483640625 0.661475875
21 0.20722428750000002 0.6646322765625 0.335798525 0.585722225 0.28247280468749997 0.4144874109375 0.1467884703125 0.4957647640625 0.20722428750000002 0.6646322765625