13 0.0975096390625 0.7986392890625 0.21364471406250002 0.9241249500000001 0.30841531718750004 0.754135653125 0.1977583125 0.6250021546875 0.0975096390625 0.7986392890625
13 0.313456703125 0.843267384375 0.4696299375 0.801373446875 0.43928347968750003 0.59781819375 0.28681103281250003 0.6402050015625 0.313456703125 0.843267384375
13 0.484803165625 0.620983078125 0.6328346671875 0.6485837906249999 0.6528189203125 0.4509429765625 0.5040472609375 0.42284939374999997 0.484803165625 0.620983078125
14 0.637645690625 0.6673128453125 0.7967795546875001 0.6949135562500001 0.8089921531250001 0.48987969531250003 0.65577955 0.46720768125 0.637645690625 0.6673128453125
15 0.79196853125 0.7422290640625 0.9514724734375 0.7910231796875 0.9770079078125 0.5953538453125 0.8212047531250001 0.53916668125 0.79196853125 0.7422290640625
15 0.6446771874999999 0.4642504625 0.7912283734375001 0.48642960625000004 0.8075118390625 0.2971675796875 0.660960653125 0.27548130625 0.6446771874999999 0.4642504625
3 0.4807323 0.8856541921875 0.6387559265625 0.8412959046875 0.6010078937500001 0.6367549140625 0.4507559203125 0.6801274609375 0.4807323 0.8856541921875
16 0.1814262625 0.6119276499999999 0.3301680984375 0.6366432843750001 0.35066511093749997 0.4451893390625 0.2044161546875 0.41826036406249995 0.1814262625 0.6119276499999999
8 0.05124253125 0.5071628703125 0.19084380781250002 0.536674075 0.2240822078125 0.34964681249999996 0.079495171875 0.322348946875 0.05124253125 0.5071628703125
5 0.1332305828125 0.29505108281250003 0.26673815312500004 0.3835846984375 0.3309990578125 0.21647749843750003 0.20303122187499997 0.1349527921875 0.1332305828125 0.29505108281250003
16 0.3055162859375 0.34079345 0.44871838750000004 0.3666157546875 0.4742011609375 0.18364628125 0.334599884375 0.157086196875 0.3055162859375 0.34079345
21 0.5060546265625 0.41125145312500005 0.6520265953125 0.4057181015625 0.6451019296875 0.209099696875 0.5007918796874999 0.21647749843750003 0.5060546265625 0.41125145312500005
2 0.3370927640625 0.5466341078125 0.48528062656250004 0.570243071875 0.5063316125 0.37878912656249997 0.359251696875 0.351122371875 0.3370927640625 0.5466341078125