5 0.4498269890625 0.021121351562499998 0.34529988437500003 0.139208909375 0.43180507500000004 0.2851382484375 0.541378315625 0.16417050625000001 0.4498269890625 0.021121351562499998
13 0.7821510953125 0.139208909375 0.6444636671875 0.20257296406249997 0.6905997687500001 0.378264209375 0.82972895 0.315860215625 0.7821510953125 0.139208909375
13 0.4829873125 0.30145929374999997 0.3517877734375 0.2428955453125 0.3078143015625 0.4137864828125 0.4426182234375 0.4761904765625 0.4829873125 0.30145929374999997
13 0.399365628125 0.46082949375000004 0.2688869671875 0.40610599062499997 0.2306805078125 0.5721966203125 0.3575547859375 0.6355606765624999 0.399365628125 0.46082949375000004
3 0.2933967703125 0.332181259375 0.16219723125000002 0.2745775734375 0.1218281421875 0.44354838750000003 0.250144175 0.4982718890625 0.2933967703125 0.332181259375
15 0.1816609 0.47139016875 0.068483275 0.5616359453124999 0.13336216875 0.7104454687499999 0.25446943437499997 0.616359446875 0.1816609 0.47139016875
15 0.2565559671875 0.625756715625 0.1344993171875 0.718870578125 0.2026377390625 0.8703778796874999 0.3199543234375 0.784365921875 0.2565559671875 0.625756715625
20 0.4218657 0.653375234375 0.29743901875 0.728339784375 0.3525422640625 0.8979963968750001 0.481709009375 0.81829724375 0.4218657 0.653375234375
16 0.6541288390625 0.8025152343749999 0.5202220296875 0.7338634875000001 0.4740064046875 0.9074656031250001 0.6013956265625 0.972960946875 0.6541288390625 0.8025152343749999
16 0.5308871734375 0.522384546875 0.401720428125 0.4639911078125 0.3620223921875 0.6375932234375 0.48763408906250005 0.6951975625 0.5308871734375 0.522384546875
14 0.6689415390625 0.559472271875 0.5379972703125 0.5058134359374999 0.4929666609375 0.6746809484375 0.6262809625 0.7314961859375 0.6689415390625 0.559472271875
2 0.7915906968749999 0.6470624296875 0.652351315625 0.614709309375 0.6280584874999999 0.794624228125 0.7702604078124999 0.8285555515624999 0.7915906968749999 0.6470624296875
8 0.6760516359375 0.338524125 0.5374047625 0.31248380781249996 0.5190370140625 0.4955551296875 0.66005391875 0.5184390453125001 0.6760516359375 0.338524125
21 0.7927757125 0.3353677234375 0.664201475 0.41427777499999996 0.7175271953125 0.5855125890624999 0.8532115296875 0.5042352359375 0.7927757125 0.3353677234375