13 0.1632878015625 0.9058108 0.32631559062500004 0.9314358031250001 0.34633654687500004 0.7066976 0.1846088203125 0.6900759765625 0.1632878015625 0.9058108
16 0.32839569062499996 0.7953393328125 0.44280115625 0.948396784375 0.5535664484375 0.788759940625 0.44020103125 0.640896746875 0.32839569062499996 0.7953393328125
5 0.2288109328125 0.6942313812500001 0.3866384734375 0.7015033421875 0.3959989203125 0.49130905937499997 0.24181155312499997 0.4868073703125 0.2288109328125 0.6942313812500001
8 0.0358817140625 0.623935765625 0.1970894171875 0.5771874484375 0.1721282234375 0.379459384375 0.0163807828125 0.4296705390625 0.0358817140625 0.623935765625
16 0.22777088281250002 0.361106340625 0.33281590156249996 0.2322887578125 0.23297113125000002 0.091351240625 0.12402592500000001 0.21705227031250002 0.22777088281250002 0.361106340625
21 0.3302157765625 0.2485640984375 0.46880239843749993 0.18519415781249998 0.4165399015625 0.0009711625 0.28107342968750004 0.06295596718749999 0.3302157765625 0.2485640984375
13 0.41133965312500004 0.392964453125 0.5650069953125 0.38222965468750003 0.5504462984375 0.1838090234375 0.40249923125000003 0.202162065625 0.41133965312500004 0.392964453125
13 0.3941788328125 0.59657934375 0.5522663859375 0.60835299375 0.5611068078125 0.40335296875 0.4061394046875 0.391233034375 0.3941788328125 0.59657934375
2 0.25065197499999997 0.48784622187500004 0.39937908125 0.48853878906250003 0.40691944218750004 0.2939272796875 0.2568922734375 0.290810725 0.25065197499999997 0.48784622187500004
3 0.5691744203125 0.67158618125 0.7279554453125 0.655356428125 0.714693825 0.4438922984375 0.5551959546874999 0.46250877968750004 0.5691744203125 0.67158618125
20 0.7258049125 0.9040535203125 0.8727580046875 0.8090617328124999 0.7992814578125 0.6104859359375 0.649102565625 0.698794884375 0.7258049125 0.9040535203125
15 0.7240128015625 0.5016511234375 0.8853027812500001 0.48828544531249995 0.8695322046875 0.283026809375 0.711826446875 0.29352841406249996 0.7240128015625 0.5016511234375
15 0.563858475 0.2714184125 0.7096839421875 0.2341457953125 0.6710917484375 0.039935840625 0.526150071875 0.08584001249999999 0.563858475 0.2714184125
14 0.568572025 0.4624896203125 0.723529996875 0.443264796875 0.7088001515625 0.2459160953125 0.5579665375 0.2612174859375 0.568572025 0.4624896203125