13 0.9024903609375 0.20136071093750002 0.7863552859375 0.07587505 0.6915846828125 0.245864346875 0.8022416874999999 0.3749978453125 0.9024903609375 0.20136071093750002
13 0.686543296875 0.15673261562500002 0.5303700625000001 0.198626553125 0.5607165203125 0.40218180625000005 0.7131889671875 0.3597949984375 0.686543296875 0.15673261562500002
13 0.515196834375 0.379016921875 0.3671653328125 0.351416209375 0.3471810796875 0.5490570234375001 0.49595273906250004 0.57715060625 0.515196834375 0.379016921875
14 0.362354309375 0.3326871546875 0.2032204453125 0.30508644375 0.191007846875 0.5101203046875 0.34422045 0.53279231875 0.362354309375 0.3326871546875
15 0.20803146875 0.2577709359375 0.0485275265625 0.20897682031249998 0.0229920921875 0.40464615468750004 0.17879524687499998 0.46083331875000005 0.20803146875 0.2577709359375
15 0.3553228125 0.5357495375 0.2087716265625 0.51357039375 0.1924881609375 0.7028324203125 0.33903934687500004 0.72451869375 0.3553228125 0.5357495375
3 0.5192677 0.1143458078125 0.3612440734375 0.15870409531250002 0.39899210625000003 0.3632450859375 0.5492440796875 0.3198725390625 0.5192677 0.1143458078125
16 0.8185737375000001 0.38807235 0.6698319015624999 0.363356715625 0.6493348890624999 0.5548106609375 0.7955838453124999 0.5817396359375 0.8185737375000001 0.38807235
8 0.94875746875 0.49283712968750004 0.8091561921875 0.463325925 0.7759177921875 0.6503531875 0.9205048281250001 0.677651053125 0.94875746875 0.49283712968750004
5 0.8667694171875 0.7049489171875 0.733261846875 0.6164153015625 0.6690009421875 0.7835225015625 0.796968778125 0.8650472078125 0.8667694171875 0.7049489171875
16 0.6944837140625 0.6592065500000001 0.5512816125 0.6333842453125 0.5257988390625 0.81635371875 0.665400115625 0.842913803125 0.6944837140625 0.6592065500000001
21 0.4939453734375 0.588748546875 0.3479734046875 0.5942818984375 0.3548980703125 0.790900303125 0.4992081203125 0.7835225015625 0.4939453734375 0.588748546875
2 0.6629072359375 0.4533658921875 0.5147193734375 0.42975692812500005 0.49366838749999997 0.6212108734374999 0.640748303125 0.6488776281249999 0.6629072359375 0.4533658921875