10 0.5062129859375 0.47716470624999996 0.591144275 0.3816568578125 0.5188683109375 0.271167384375 0.43562439687500004 0.35880988125 0.5062129859375 0.47716470624999996
4 0.3495681890625 0.545705634375 0.4581227515625 0.5869050984374999 0.4882143015625 0.445703296875 0.382472034375 0.4052529140625 0.3495681890625 0.545705634375
8 0.4952450375 0.7337250078124999 0.5813012453125 0.6389662390625 0.512118803125 0.5284767671874999 0.4257813671875 0.6202392109375 0.4952450375 0.7337250078124999
14 0.563583790625 0.6067557484375 0.6448590984375 0.512371521875 0.5770828031249999 0.40188204843750003 0.491026596875 0.49439357343749996 0.563583790625 0.6067557484375
3 0.2983361515625 0.6908559578125 0.385706025 0.598417484375 0.3175149046875 0.48368025625 0.2286229078125 0.5757132984375 0.2983361515625 0.6908559578125
19 0.1589096640625 0.7743749281250001 0.2502370578125 0.6726115218750001 0.174435321875 0.5647666359375 0.084934475 0.662475725 0.1589096640625 0.7743749281250001
2 0.38596269843750003 0.78848665625 0.471289596875 0.6946723796875001 0.4037828125 0.5796382078125 0.3136340015625 0.6740109015625 0.38596269843750003 0.78848665625
15 0.4354397203125 0.8817425140624999 0.5452954812499999 0.8769959578125001 0.5425700515625 0.728177478125 0.43166605 0.7298527328125 0.4354397203125 0.8817425140624999
17 0.6429916343750001 0.8767167484374999 0.6845020171875 0.7424171453125 0.5834514890625 0.68099113125 0.53879638125 0.820037290625 0.6429916343750001 0.8767167484374999
1 0.7163685734375 0.7678251781250001 0.770457859375 0.6427394765625001 0.675696784375 0.5679114234375 0.6193013656249999 0.6916010781249999 0.7163685734375 0.7678251781250001
9 0.76437805625 0.63715529375 0.8184673421875001 0.5148616828125 0.7232869703125 0.4431049296875 0.6704555734375 0.5634440765625001 0.76437805625 0.63715529375
0 0.833771675 0.59750759375 0.938176578125 0.5385944609375 0.8966661953124999 0.4082037859375 0.7928902375 0.4604158984375 0.833771675 0.59750759375
12 0.76605524375 0.47828528437499995 0.8637513968749999 0.4082037859375 0.8098717578124999 0.2836765015625 0.7144817375 0.354037209375 0.76605524375 0.47828528437499995
20 0.6933072499999999 0.3289083859375 0.7972928546875 0.28786463906250004 0.7652166499999999 0.1541234546875 0.6626985828125 0.194887990625 0.6933072499999999 0.3289083859375
11 0.5754848499999999 0.309642953125 0.6811476421875 0.2588268875 0.6406855015625 0.1245272828125 0.5398446234375001 0.174505721875 0.5754848499999999 0.309642953125
21 0.6050452749999999 0.45734459687499995 0.7109177156250001 0.42579396249999996 0.6872274453125 0.28646859375 0.5826128953125 0.3155063453125 0.6050452749999999 0.45734459687499995
18 0.4000091421875 0.4149048046875 0.46479049687499996 0.29903300625 0.37736711562499997 0.21052370312500002 0.310279628125 0.32472024843749997 0.4000091421875 0.4149048046875
16 0.4771597515625 0.3199736921875 0.5543103625 0.214153421875 0.47149924531250004 0.118663890625 0.3983319546875 0.22141286093749998 0.4771597515625 0.3199736921875
6 0.3002165046875 0.2758586453125 0.3958161734375 0.2091276578125 0.3417268875 0.0734320078125 0.24507897656250002 0.1373709046875 0.3002165046875 0.2758586453125
13 0.165622234375 0.3640887390625 0.281557796875 0.37358185 0.2861700625 0.22643862499999998 0.17086344375 0.2166663046875 0.165622234375 0.3640887390625
5 0.2351928890625 0.5686615140625 0.3228010203125 0.47796140937500003 0.2520968703125 0.36236748125 0.1627008171875 0.45674754218749997 0.2351928890625 0.5686615140625
7 0.0474611765625 0.4768790703125 0.16302589375 0.5162762515625 0.192607859375 0.3777367125 0.078993603125 0.3340101703125 0.0474611765625 0.4768790703125