15 0.2246105328125 0.8206893609374999 0.3554018234375 0.8576899687499999 0.3842528421875 0.6806562890625 0.24961475000000002 0.6453634015625 0.2246105328125 0.8206893609374999
3 0.2406388765625 0.6430864406250001 0.3720713015625 0.6775254687500001 0.398571496875 0.5030533703125 0.2654293828125 0.46946820312500004 0.2406388765625 0.6430864406250001
15 0.079073165625 0.5554234609375001 0.1929812671875 0.6490634625 0.26564309375 0.49793020937500004 0.1491704578125 0.40429020781249997 0.079073165625 0.5554234609375001
13 0.266284228125 0.46889896249999996 0.3972892296875 0.50276875 0.4259265375 0.3311428515625 0.29363926875 0.2952807234375 0.266284228125 0.46889896249999996
16 0.350272753125 0.3203272890625 0.4678139453125 0.2431952515625 0.4045554125 0.0812464359375 0.2874416421875 0.1643554953125 0.350272753125 0.3203272890625
20 0.08740790468750001 0.39603622656250004 0.2284573359375 0.38778224375 0.223114553125 0.210179325 0.0848433703125 0.21843330625 0.08740790468750001 0.39603622656250004
5 0.5347249281249999 0.850282484375 0.6704014015624999 0.85119354375 0.671541540625 0.6680704984375 0.5340408453125 0.66533731875 0.5347249281249999 0.850282484375
13 0.6861353125 0.8539267234375 0.829564728125 0.8311502265625 0.8067619593750001 0.650456671875 0.669489290625 0.6698926171874999 0.6861353125 0.8539267234375
16 0.38536679218750003 0.7828640499999999 0.51488651875 0.8190027593749999 0.5417937859374999 0.6443829390625 0.4104498375 0.6091552890624999 0.38536679218750003 0.7828640499999999
13 0.394259871875 0.5271598953125001 0.5007488015625 0.6361834 0.581926659375 0.4949691109375 0.4770339234375 0.38746403906250004 0.394259871875 0.5271598953125001
8 0.555475446875 0.6024741828125 0.683170953125 0.661996765625 0.7294605734374999 0.49679123125 0.6003969015624999 0.43453546875000004 0.555475446875 0.6024741828125
2 0.5319885953125 0.39930781875 0.6612802953125 0.449112428125 0.6973086687500001 0.27358154687499997 0.5691571093750001 0.22590274375 0.5319885953125 0.39930781875
14 0.7260401578125 0.40963316406250005 0.8662771859375 0.3628654203125 0.8316169765625 0.191889840625 0.693888253125 0.23440597031250002 0.7260401578125 0.40963316406250005
21 0.812006596875 0.49891703749999994 0.8904481203125 0.6562267187499999 1 0.5502400796875 0.9330892984375 0.3965746375 0.812006596875 0.49891703749999994