15 0.3554018234375 0.14231003125 0.2246105328125 0.1793106390625 0.24961475000000002 0.3546365984375 0.3842528421875 0.3193437109375 0.3554018234375 0.14231003125
3 0.3720713015625 0.32247453125000003 0.2406388765625 0.356913559375 0.2654293828125 0.530531796875 0.398571496875 0.4969466296875 0.3720713015625 0.32247453125000003
15 0.1929812671875 0.3509365375 0.079073165625 0.44457653906249994 0.1491704578125 0.5957097921875001 0.26564309375 0.502069790625 0.1929812671875 0.3509365375
13 0.3972892296875 0.49723125 0.266284228125 0.5311010375 0.29363926875 0.7047192765625 0.4259265375 0.6688571484375 0.3972892296875 0.49723125
16 0.4678139453125 0.7568047484375 0.350272753125 0.6796727109375 0.2874416421875 0.8356445046875001 0.4045554125 0.9187535640625001 0.4678139453125 0.7568047484375
20 0.2284573359375 0.61221775625 0.08740790468750001 0.6039637734375 0.0848433703125 0.78156669375 0.223114553125 0.789820675 0.2284573359375 0.61221775625
5 0.6704014015624999 0.14880645625 0.5347249281249999 0.149717515625 0.5340408453125 0.33466268125 0.671541540625 0.3319295015625 0.6704014015624999 0.14880645625
13 0.829564728125 0.16884977343750002 0.6861353125 0.1460732765625 0.669489290625 0.33010738281249996 0.8067619593750001 0.349543328125 0.829564728125 0.16884977343750002
16 0.51488651875 0.180997240625 0.38536679218750003 0.21713595 0.4104498375 0.3908447109375 0.5417937859374999 0.3556170609375 0.51488651875 0.180997240625
13 0.5007488015625 0.3638166 0.394259871875 0.4728401046875 0.4770339234375 0.6125359609375 0.581926659375 0.5050308890624999 0.5007488015625 0.3638166
8 0.683170953125 0.338003234375 0.555475446875 0.3975258171875 0.6003969015624999 0.56546453125 0.7294605734374999 0.50320876875 0.683170953125 0.338003234375
2 0.6612802953125 0.5508875718749999 0.5319885953125 0.60069218125 0.5691571093750001 0.7740972562499999 0.6973086687500001 0.726418453125 0.6612802953125 0.5508875718749999
14 0.8662771859375 0.6371345796875 0.7260401578125 0.5903668359375 0.693888253125 0.7655940296875 0.8316169765625 0.8081101593750001 0.8662771859375 0.6371345796875
21 0.8904481203125 0.34377328125 0.812006596875 0.5010829625000001 0.9330892984375 0.6034253625 1 0.44975992031249995 0.8904481203125 0.34377328125